export const basicTrainMap =  [{"N": 30, "total": 300, "R": 40000, "r": [11961.26973840748, 11085.231246081185, 12386.865485398237, 11401.704327468871, 10166.657643961216, 26908.842006185412, 9275.635721429993, 2151.6391196045915, 18578.43195885787, 20229.122121090444, 3303.319173067405, 21627.764947518932, 37283.45828120458, 1142.3117542584116, 312.3572711051548, 12253.512317996221, 34916.51204277772, 30296.105047921028, 24363.27168254026, 9001.931301825602, 13932.95234576124, 271.20611737891045, 25873.115947112234, 29736.102350428824, 27396.630786355447, 31226.85103957627, 14887.808373748736, 8575.627984837774, 37165.41319906033, 10562.756746207373], "phi": [3.120495052059657, 4.9576956003799, 3.008919844182095, 0.07115793785390725, 0.5201282390208576, 1.3068983837883479, 4.6286706486353895, 0.6551782904514192, 1.5142639961346367, 0.00636746924370418, 2.003096684175231, 3.2356185369410473, 4.0827626735164895, 1.3898837873367935, 5.247492755337162, 2.0561585749448765, 1.3663133897121111, 0.4237975530646603, 4.536196458961413, 0.6899159375522496, 5.276178645211301, 0.7547098379796615, 6.229761544783965, 4.721484074803201, 2.854446576131873, 1.2016513833738947, 6.106946923746501, 1.9807315417288696, 3.4955005297476354, 1.6005836769591752], "x": [-109, 25, -110, 106, 87, 42, -8, 36, 7, 142, -24, -146, -113, 6, 9, -51, 37, 158, -27, 73, 63, 11, 160, 1, -158, 63, 120, -36, -180, -3], "y": [2, -102, 14, 7, 50, 158, -95, 28, 136, 0, 52, -13, -156, 33, -15, 97, 182, 71, -153, 60, -99, 11, -8, -172, 46, 164, -21, 84, -66, 102], "xy": [[-109, 2], [25, -102], [-110, 14], [106, 7], [87, 50], [42, 158], [-8, -95], [36, 28], [7, 136], [142, 0], [-24, 52], [-146, -13], [-113, -156], [6, 33], [9, -15], [-51, 97], [37, 182], [158, 71], [-27, -153], [73, 60], [63, -99], [11, 11], [160, -8], [1, -172], [-158, 46], [63, 164], [120, -21], [-36, 84], [-180, -66], [-3, 102]], "city_start": [-109, 2], "distance": [[0.0, 169.62311163281967, 12.041594578792296, 215.05813167606567, 201.79197209007103, 217.11057090800531, 140.03570973148243, 147.31259280862582, 177.23430819116257, 251.00796800101784, 98.6154146165801, 39.92492955535426, 158.05062480104277, 119.10499569707393, 119.21828718783037, 111.30588483993108, 231.76712450216058, 275.77164466275354, 175.35392781457733, 191.01832372837953, 199.46177578674065, 120.33702672078948, 269.1858094328154, 205.854317418897, 65.85590330410783, 236.2794955132586, 230.15212360523637, 109.78615577567146, 98.3107318658548, 145.72576985557495], [169.62311163281967, 0.0, 177.99157283422156, 135.80132547217644, 164.1584600317632, 260.5551764981844, 33.734255586866, 130.4645545732633, 238.67970169245646, 155.21919984331836, 161.60754932861275, 192.77447963877376, 148.18906842274163, 136.33048081775402, 88.45903006477066, 213.0187785149469, 284.2534080710379, 218.21548982599745, 72.83543093852057, 168.96153408394468, 38.118237105091836, 113.86395390991831, 164.50227961946302, 74.0, 235.35717537394095, 268.70057685088807, 124.84390253432484, 195.74728606036916, 208.13697413001853, 205.91260281974002], [12.041594578792296, 177.99157283422156, 0.0, 216.11339616044165, 200.26232796010336, 209.3800372528384, 149.2816130673835, 146.66969693839283, 169.03549923019128, 252.38858928247924, 94.02127418834527, 45.0, 170.02646852769718, 117.5457357797381, 122.48265183282079, 101.83319694480774, 223.23306206742762, 273.99452549275503, 186.48860555004427, 188.692872149427, 206.63494380186523, 121.03718436910205, 270.89481353470023, 216.60332407421637, 57.688820407423826, 228.97379762758882, 232.64780248263682, 101.86265262597475, 106.30145812734649, 138.53880322855397], [215.05813167606567, 135.80132547217644, 216.11339616044165, 0.0, 47.01063709417264, 164.00304875214974, 152.97058540778355, 73.08214556237385, 162.60996279441184, 36.6742416417845, 137.56816492197603, 252.79240494919938, 273.00183149568795, 103.32473082471591, 99.46356116689167, 180.96684779262748, 188.1116689628796, 82.46211251235322, 208.0600874747485, 62.433965115151864, 114.38968484964018, 95.08417323613851, 56.04462507680822, 207.52349264601347, 266.865134478073, 162.7820628939196, 31.304951684997057, 161.533278305122, 295.16944286290885, 144.58907289280197], [201.79197209007103, 164.1584600317632, 200.26232796010336, 47.01063709417264, 0.0, 117.0, 173.34935823359717, 55.54277630799526, 117.45637488020819, 74.33034373659252, 111.01801655587259, 241.36694056974744, 287.1167010119753, 82.76472678623425, 101.53324578678651, 145.7840869230932, 141.1523999087511, 74.04052944165107, 232.81967270830015, 17.204650534085253, 150.9205088780183, 85.42247947700886, 93.23625904121208, 238.0756182392477, 245.03265088555034, 116.49892703368559, 78.29431652425353, 127.61269529321916, 291.10994486619654, 103.94229168149026], [217.11057090800531, 260.5551764981844, 209.3800372528384, 164.00304875214974, 117.0, 0.0, 257.89338882569285, 130.13838787997952, 41.340053217188775, 186.98663053812163, 124.86793023030373, 254.13579047430528, 350.1728144787942, 130.080744155313, 176.11927776367924, 111.22050170719426, 24.515301344262525, 145.0, 318.5623957720057, 102.7861858422619, 257.8565492672234, 150.23315213360866, 203.66639388961548, 332.53721596236414, 229.22478051031044, 21.840329667841555, 195.25624189766637, 107.5174404457249, 315.37279527568637, 71.84010022264724], [140.03570973148243, 33.734255586866, 149.2816130673835, 152.97058540778355, 173.34935823359717, 257.89338882569285, 0.0, 130.6330739131557, 231.48650068632512, 177.55280904564702, 147.8681845428556, 160.52414148656894, 121.43310915891102, 128.76334882255898, 81.78630692236935, 196.75619431164043, 280.6314308839977, 234.75945135393377, 61.032778078668514, 174.88853593074649, 71.11258679024411, 107.68936809174804, 189.19038030513073, 77.52418977325722, 205.86646157157313, 268.55539465815986, 147.85127662620977, 181.1767093199344, 174.42763542512407, 197.06344156134085], [147.31259280862582, 130.4645545732633, 146.66969693839283, 73.08214556237385, 55.54277630799526, 130.13838787997952, 130.6330739131557, 0.0, 111.8257573191436, 109.63576058932597, 64.62197768561404, 186.560981987124, 236.76359517459605, 30.4138126514911, 50.774009099144415, 111.04053313993049, 154.00324671902212, 129.3560976529518, 191.65072397463047, 48.91829923454004, 129.83836104942176, 30.23243291566195, 129.1200991325518, 203.03940504246953, 194.83326204732086, 138.6542462386205, 97.24710792614863, 91.21403400793103, 235.5674001214939, 83.64807230295268], [177.23430819116257, 238.67970169245646, 169.03549923019128, 162.60996279441184, 117.45637488020819, 41.340053217188775, 231.48650068632512, 111.8257573191436, 0.0, 191.62724232217087, 89.5377015563835, 213.56497840235883, 315.69605635801025, 103.00485425454472, 151.0132444522665, 69.8927750200262, 54.91812087098393, 164.39586369492392, 290.9931270666027, 100.65783625729296, 241.58021442162848, 125.06398362438324, 210.10711553871752, 308.05843601498725, 187.94946129212502, 62.609903369994115, 193.43732835210477, 67.47592163134935, 275.26895938336384, 35.4400902933387], [251.00796800101784, 155.21919984331836, 252.38858928247924, 36.6742416417845, 74.33034373659252, 186.98663053812163, 177.55280904564702, 109.63576058932597, 191.62724232217087, 0.0, 173.95401691251627, 288.29325347638644, 298.93310288424067, 139.94641831786907, 133.843191832831, 216.00462958001617, 210.11663427725088, 72.78049189171504, 227.96929617823537, 91.43850392476902, 126.65701717630967, 131.4610208388783, 19.697715603592208, 222.40728405337808, 303.5061778613411, 182.03571078225283, 30.4138126514911, 196.82479518597245, 328.69438693108225, 177.28226081590904], [98.6154146165801, 161.60754932861275, 94.02127418834527, 137.56816492197603, 111.01801655587259, 124.86793023030373, 147.8681845428556, 64.62197768561404, 89.5377015563835, 173.95401691251627, 0.0, 138.23530663329106, 226.24102192131292, 35.510561809129406, 74.68600939935136, 52.478567053607705, 143.60013927569847, 182.98907071188705, 205.0219500443794, 97.32933781753577, 174.26990560621763, 53.907327887774215, 193.5355264544471, 225.39077177204928, 134.13426109685773, 141.82030884185804, 161.4465855941215, 34.17601498127012, 195.6016359849784, 54.230987451824994], [39.92492955535426, 192.77447963877376, 45.0, 252.79240494919938, 241.36694056974744, 254.13579047430528, 160.52414148656894, 186.560981987124, 213.56497840235883, 288.29325347638644, 138.23530663329106, 0.0, 146.75830470538966, 158.80806024884254, 155.0129026887762, 145.34441853748632, 267.4210163767986, 315.3918198051433, 183.74166647769363, 230.8462691922917, 226.00221237855172, 158.8238017426859, 306.04084694693944, 216.54098919142305, 60.207972893961475, 273.87953556262653, 266.12027356065903, 146.6594695203825, 62.96824596572466, 183.50476833041697], [158.05062480104277, 148.18906842274163, 170.02646852769718, 273.00183149568795, 287.1167010119753, 350.1728144787942, 121.43310915891102, 236.76359517459605, 315.69605635801025, 298.93310288424067, 226.24102192131292, 146.75830470538966, 0.0, 223.34278586961344, 186.45374761586316, 260.48608408128064, 369.78912909927465, 353.5109616405126, 86.05230967266364, 285.04736448527285, 185.0, 208.00240383226344, 310.53663229963706, 115.11733144926528, 206.95168518279817, 365.20679073642646, 269.2842364491468, 252.04959829366916, 112.2007130102122, 280.471032372329], [119.10499569707393, 136.33048081775402, 117.5457357797381, 103.32473082471591, 82.76472678623425, 130.080744155313, 128.76334882255898, 30.4138126514911, 103.00485425454472, 139.94641831786907, 35.510561809129406, 158.80806024884254, 223.34278586961344, 0.0, 48.093658625644196, 85.70297544426332, 152.190669884852, 156.6780137734711, 188.904737897174, 72.2357252334328, 143.7810835958611, 22.561028345356956, 159.3643623900902, 205.0609665440988, 164.51443705644803, 142.86357128393507, 126.14277624977183, 66.06814663663572, 210.70595625183452, 69.58448102845921], [119.21828718783037, 88.45903006477066, 122.48265183282079, 99.46356116689167, 101.53324578678651, 176.11927776367924, 81.78630692236935, 50.774009099144415, 151.0132444522665, 133.843191832831, 74.68600939935136, 155.0129026887762, 186.45374761586316, 48.093658625644196, 0.0, 127.05904139414872, 198.97989848223364, 172.03778654702577, 142.61837188805654, 98.59513172565875, 99.85990186255943, 26.076809620810597, 151.16216457830973, 157.20368952413298, 177.79201331893398, 186.96791168540125, 111.16204388189342, 108.74741376235114, 195.76005721290542, 117.61377470347595], [111.30588483993108, 213.0187785149469, 101.83319694480774, 180.96684779262748, 145.7840869230932, 111.22050170719426, 196.75619431164043, 111.04053313993049, 69.8927750200262, 216.00462958001617, 52.478567053607705, 145.34441853748632, 260.48608408128064, 85.70297544426332, 127.05904139414872, 0.0, 122.34786471369249, 210.61101585624624, 251.14935795259362, 129.40247292845683, 226.74214429611447, 106.01886624558857, 235.6819891294199, 273.97992627198073, 118.53269591129698, 132.23085872821065, 207.76188293332345, 19.849433241279208, 207.87015177749788, 48.25971404805462], [231.76712450216058, 284.2534080710379, 223.23306206742762, 188.1116689628796, 141.1523999087511, 24.515301344262525, 280.6314308839977, 154.00324671902212, 54.91812087098393, 210.11663427725088, 143.60013927569847, 267.4210163767986, 369.78912909927465, 152.190669884852, 198.97989848223364, 122.34786471369249, 0.0, 164.20109622045769, 341.05864598335575, 127.20062892926276, 282.20028348674634, 172.96531444194238, 226.33824246026123, 355.8258000763857, 237.7414562082095, 31.622776601683793, 219.31256233968907, 122.20065466273084, 329.53452019477413, 89.44271909999159], [275.77164466275354, 218.21548982599745, 273.99452549275503, 82.46211251235322, 74.04052944165107, 145.0, 234.75945135393377, 129.3560976529518, 164.39586369492392, 72.78049189171504, 182.98907071188705, 315.3918198051433, 353.5109616405126, 156.6780137734711, 172.03778654702577, 210.61101585624624, 164.20109622045769, 0.0, 290.51850199255813, 85.70880934886448, 194.74342094150447, 158.7734234687909, 79.02531240052139, 289.3060663034911, 316.98738145232215, 132.94359706281458, 99.53893710503444, 194.4350791395421, 364.7094734168555, 163.95731151735808], [175.35392781457733, 72.83543093852057, 186.48860555004427, 208.0600874747485, 232.81967270830015, 318.5623957720057, 61.032778078668514, 191.65072397463047, 290.9931270666027, 227.96929617823537, 205.0219500443794, 183.74166647769363, 86.05230967266364, 188.904737897174, 142.61837188805654, 251.14935795259362, 341.05864598335575, 290.51850199255813, 0.0, 235.30618351416098, 104.95713410721541, 168.34488409215172, 236.63051367057463, 33.83784863137726, 238.24777018893587, 329.52845097199116, 197.56770991232347, 237.17082451262846, 176.00568172647155, 256.12692166189794], [191.01832372837953, 168.96153408394468, 188.692872149427, 62.433965115151864, 17.204650534085253, 102.7861858422619, 174.88853593074649, 48.91829923454004, 100.65783625729296, 91.43850392476902, 97.32933781753577, 230.8462691922917, 285.04736448527285, 72.2357252334328, 98.59513172565875, 129.40247292845683, 127.20062892926276, 85.70880934886448, 235.30618351416098, 0.0, 159.31415505221122, 79.02531240052139, 110.42191811411355, 242.91562321102361, 231.42385356743154, 104.47966309287182, 93.64827814754524, 111.61093136427094, 282.63934616397626, 86.83317338436964], [199.46177578674065, 38.118237105091836, 206.63494380186523, 114.38968484964018, 150.9205088780183, 257.8565492672234, 71.11258679024411, 129.83836104942176, 241.58021442162848, 126.65701717630967, 174.26990560621763, 226.00221237855172, 185.0, 143.7810835958611, 99.85990186255943, 226.74214429611447, 282.20028348674634, 194.74342094150447, 104.95713410721541, 159.31415505221122, 0.0, 121.67168939404104, 133.00375934536586, 95.77577981932593, 264.3217736017977, 263.0, 96.60745312862771, 208.06249061279644, 245.2305038122297, 211.5585025471678], [120.33702672078948, 113.86395390991831, 121.03718436910205, 95.08417323613851, 85.42247947700886, 150.23315213360866, 107.68936809174804, 30.23243291566195, 125.06398362438324, 131.4610208388783, 53.907327887774215, 158.8238017426859, 208.00240383226344, 22.561028345356956, 26.076809620810597, 106.01886624558857, 172.96531444194238, 158.7734234687909, 168.34488409215172, 79.02531240052139, 121.67168939404104, 0.0, 150.20652449211386, 183.273020382161, 172.58621034138272, 161.5951731952412, 113.6001760562016, 86.82165628459296, 205.9368835347374, 92.07062506576133], [269.1858094328154, 164.50227961946302, 270.89481353470023, 56.04462507680822, 93.23625904121208, 203.66639388961548, 189.19038030513073, 129.1200991325518, 210.10711553871752, 19.697715603592208, 193.5355264544471, 306.04084694693944, 310.53663229963706, 159.3643623900902, 151.16216457830973, 235.6819891294199, 226.33824246026123, 79.02531240052139, 236.63051367057463, 110.42191811411355, 133.00375934536586, 150.20652449211386, 0.0, 228.42285349763057, 322.5523213371747, 197.46645284705957, 42.05948168962618, 216.51789764358972, 344.91158287306035, 196.64434901618708], [205.854317418897, 74.0, 216.60332407421637, 207.52349264601347, 238.0756182392477, 332.53721596236414, 77.52418977325722, 203.03940504246953, 308.05843601498725, 222.40728405337808, 225.39077177204928, 216.54098919142305, 115.11733144926528, 205.0609665440988, 157.20368952413298, 273.97992627198073, 355.8258000763857, 289.3060663034911, 33.83784863137726, 242.91562321102361, 95.77577981932593, 183.273020382161, 228.42285349763057, 0.0, 269.82401672201087, 341.67235767618075, 192.25503894566717, 258.6600085053737, 209.7546185427153, 274.02919552485645], [65.85590330410783, 235.35717537394095, 57.688820407423826, 266.865134478073, 245.03265088555034, 229.22478051031044, 205.86646157157313, 194.83326204732086, 187.94946129212502, 303.5061778613411, 134.13426109685773, 60.207972893961475, 206.95168518279817, 164.51443705644803, 177.79201331893398, 118.53269591129698, 237.7414562082095, 316.98738145232215, 238.24777018893587, 231.42385356743154, 264.3217736017977, 172.58621034138272, 322.5523213371747, 269.82401672201087, 0.0, 250.52943938786913, 285.9597873827717, 127.7810627597063, 114.1402645870422, 164.80594649465777], [236.2794955132586, 268.70057685088807, 228.97379762758882, 162.7820628939196, 116.49892703368559, 21.840329667841555, 268.55539465815986, 138.6542462386205, 62.609903369994115, 182.03571078225283, 141.82030884185804, 273.87953556262653, 365.20679073642646, 142.86357128393507, 186.96791168540125, 132.23085872821065, 31.622776601683793, 132.94359706281458, 329.52845097199116, 104.47966309287182, 263.0, 161.5951731952412, 197.46645284705957, 341.67235767618075, 250.52943938786913, 0.0, 193.58202395883765, 127.283148923964, 334.5878061137315, 90.55385138137417], [230.15212360523637, 124.84390253432484, 232.64780248263682, 31.304951684997057, 78.29431652425353, 195.25624189766637, 147.85127662620977, 97.24710792614863, 193.43732835210477, 30.4138126514911, 161.4465855941215, 266.12027356065903, 269.2842364491468, 126.14277624977183, 111.16204388189342, 207.76188293332345, 219.31256233968907, 99.53893710503444, 197.56770991232347, 93.64827814754524, 96.60745312862771, 113.6001760562016, 42.05948168962618, 192.25503894566717, 285.9597873827717, 193.58202395883765, 0.0, 188.04520733057782, 303.35622624235026, 173.9482681718907], [109.78615577567146, 195.74728606036916, 101.86265262597475, 161.533278305122, 127.61269529321916, 107.5174404457249, 181.1767093199344, 91.21403400793103, 67.47592163134935, 196.82479518597245, 34.17601498127012, 146.6594695203825, 252.04959829366916, 66.06814663663572, 108.74741376235114, 19.849433241279208, 122.20065466273084, 194.4350791395421, 237.17082451262846, 111.61093136427094, 208.06249061279644, 86.82165628459296, 216.51789764358972, 258.6600085053737, 127.7810627597063, 127.283148923964, 188.04520733057782, 0.0, 207.9326814139615, 37.589892258425], [98.3107318658548, 208.13697413001853, 106.30145812734649, 295.16944286290885, 291.10994486619654, 315.37279527568637, 174.42763542512407, 235.5674001214939, 275.26895938336384, 328.69438693108225, 195.6016359849784, 62.96824596572466, 112.2007130102122, 210.70595625183452, 195.76005721290542, 207.87015177749788, 329.53452019477413, 364.7094734168555, 176.00568172647155, 282.63934616397626, 245.2305038122297, 205.9368835347374, 344.91158287306035, 209.7546185427153, 114.1402645870422, 334.5878061137315, 303.35622624235026, 207.9326814139615, 0.0, 244.03483357914297], [145.72576985557495, 205.91260281974002, 138.53880322855397, 144.58907289280197, 103.94229168149026, 71.84010022264724, 197.06344156134085, 83.64807230295268, 35.4400902933387, 177.28226081590904, 54.230987451824994, 183.50476833041697, 280.471032372329, 69.58448102845921, 117.61377470347595, 48.25971404805462, 89.44271909999159, 163.95731151735808, 256.12692166189794, 86.83317338436964, 211.5585025471678, 92.07062506576133, 196.64434901618708, 274.02919552485645, 164.80594649465777, 90.55385138137417, 173.9482681718907, 37.589892258425, 244.03483357914297, 0.0]]}, {"N": 30, "total": 300, "R": 40000, "r": [8953.470824666567, 16825.567806888503, 24431.778636154628, 8638.102651701023, 20703.808541307273, 411.5142219918688, 30274.654649303775, 10318.245124459887, 3579.469799600399, 18406.307309538053, 34440.150246995596, 20144.345006354262, 23637.04231344577, 12700.58585702461, 1436.9564430378866, 32484.332465010026, 39080.78934365441, 2767.6284407322614, 38527.33293633373, 10225.057317259636, 30087.09589557968, 22579.574245901615, 14729.711712601886, 10692.454108311678, 18556.904972673758, 1870.1806943334454, 30733.41574791743, 11628.171744675497, 10535.92096432252, 19186.119339424396], "phi": [1.5606034792736057, 1.0807757256162138, 3.7202089622593535, 3.177106459811041, 1.4879412960091132, 3.635983244797384, 3.534032041051256, 3.534798470785587, 3.0956995262470457, 0.25896913462995835, 5.4418203002163406, 4.002280179128648, 1.727194754571462, 4.014705469834663, 4.399458894837499, 2.6810649037926795, 4.367778201217351, 3.598650528067726, 3.3464621424414585, 0.8372279568428137, 3.1127374451843597, 0.22438857023474065, 3.2267505195350887, 4.299197557246377, 2.047427349551331, 3.220148783110336, 0.5542217655350933, 4.434239419706166, 4.113388821788382, 4.9452141901395485], "x": [0, 61, -130, -92, 11, -17, -160, -93, -59, 131, 123, -92, -23, -72, -11, -161, -66, -47, -192, 67, -173, 146, -120, -41, -62, -43, 149, -29, -57, 31], "y": [94, 114, -85, -3, 143, -9, -66, -38, 2, 34, -138, -107, 151, -86, -36, 80, -186, -23, -39, 75, 5, 33, -10, -94, 121, -3, 92, -103, -84, -134], "xy": [[0, 94], [61, 114], [-130, -85], [-92, -3], [11, 143], [-17, -9], [-160, -66], [-93, -38], [-59, 2], [131, 34], [123, -138], [-92, -107], [-23, 151], [-72, -86], [-11, -36], [-161, 80], [-66, -186], [-47, -23], [-192, -39], [67, 75], [-173, 5], [146, 33], [-120, -10], [-41, -94], [-62, 121], [-43, -3], [149, 92], [-29, -103], [-57, -84], [31, -134]], "city_start": [0, 94], "distance": [[0.0, 64.19501538281614, 221.22612865572637, 133.6899397860587, 50.21951811795888, 104.39348638684312, 226.27416997969522, 161.47135968957468, 109.29318368498559, 144.08677940741129, 262.58903252040056, 221.05429197371402, 61.465437442517235, 193.86593305684215, 130.4645545732633, 161.60754932861275, 287.67342595380615, 126.08727136392476, 233.5658365429328, 69.6419413859206, 194.5507645834372, 158.2308440222702, 158.79546593023366, 192.41881404893857, 67.62396025078685, 106.10372283760829, 149.01342221424215, 199.12307751739877, 186.90371852908652, 230.09780529157595], [64.19501538281614, 0.0, 275.82965757873103, 192.60841103129428, 57.8013840664737, 145.64683312726027, 285.02806879323305, 216.3792966066763, 164.14627622946554, 106.30145812734649, 259.5149321330085, 268.79360111431225, 91.7877987534291, 240.18534509832193, 166.38509548634457, 224.58851261807672, 325.7744618597351, 174.4505660638566, 295.6653513687392, 39.45883931389772, 258.14143410154054, 117.41379816699569, 219.40145851839728, 231.66354913969525, 123.1990259701756, 156.54072952429985, 90.70832376358854, 234.92339176846565, 230.4951192541829, 249.80792621532248], [221.22612865572637, 275.82965757873103, 0.0, 90.37698822156003, 268.07648162418127, 136.1800279042415, 35.510561809129406, 59.81638571495272, 112.29425630903836, 286.84839201222655, 258.4917793663853, 43.9089968002003, 259.12352266824405, 58.008620049092706, 128.69343417595164, 167.88686666919483, 119.57006314291216, 103.60019305001319, 77.20103626247513, 253.78928267363852, 99.74467404327912, 300.1666203960727, 75.66372975210778, 89.45389874119518, 216.9331694324314, 119.55333537798099, 330.4088376542008, 102.59142264341595, 73.00684899377592, 168.2914139223983], [133.6899397860587, 192.60841103129428, 90.37698822156003, 0.0, 178.67568385205638, 75.23961722390672, 92.69843580125827, 35.014282800023196, 33.37663853655727, 226.0486673263083, 253.87004549572208, 104.0, 168.75129629131743, 85.37564055396598, 87.46427842267951, 107.93516572461452, 184.83776670366908, 49.24428900898052, 106.28264204469139, 177.1016657177453, 81.39410298049853, 240.7072911234722, 28.861739379323623, 104.31682510506155, 127.57742747053649, 49.0, 259.04825805243314, 118.1905241548577, 88.23831367382311, 179.6941846582688], [50.21951811795888, 57.8013840664737, 268.07648162418127, 178.67568385205638, 0.0, 154.55743269089325, 270.04073766748604, 208.75104790156144, 157.41982086128797, 162.1141573089778, 302.49793387724156, 270.38676003088614, 34.92849839314596, 243.57750306627253, 180.34688796871433, 183.17477992343814, 337.8905148121208, 175.84083712266613, 272.6407893181063, 88.09086218218096, 230.0, 174.14074767268, 201.41995928904365, 242.6375898330677, 76.24303246854758, 155.66630977832037, 147.12239802287073, 249.23081671414553, 236.96624232155938, 277.72108310317384], [104.39348638684312, 145.64683312726027, 136.1800279042415, 75.23961722390672, 154.55743269089325, 0.0, 153.9415473483361, 81.34494452638098, 43.41658669218482, 154.12008305214476, 190.370691021491, 123.40583454602137, 160.11246047700348, 94.62557793746889, 27.65863337187866, 169.28378540191025, 183.65728953678914, 33.1058907144937, 177.55280904564702, 118.79393923933998, 156.62694531912445, 168.32409215557945, 103.00485425454472, 88.32326986700618, 137.56816492197603, 26.68332812825267, 194.31160541768986, 94.76286192385707, 85.0, 133.8992158304148], [226.27416997969522, 285.02806879323305, 35.510561809129406, 92.69843580125827, 270.04073766748604, 153.9415473483361, 0.0, 72.61542535852834, 121.75795661885921, 307.7027786679867, 292.0154105522515, 79.40403012442127, 256.62813563598206, 90.24411338142782, 151.99013125857877, 146.00342461736986, 152.43359209832983, 120.90492132250036, 41.86884283091664, 267.22649569232465, 72.18032973047436, 321.6162309337015, 68.81860213634101, 122.24974437601087, 211.12318678913502, 132.8834075421006, 347.0518693221519, 136.12494260788506, 104.5609869884557, 202.74368054269902], [161.47135968957468, 216.3792966066763, 59.81638571495272, 35.014282800023196, 208.75104790156144, 81.34494452638098, 72.61542535852834, 0.0, 52.49761899362675, 235.28705871764387, 238.02520874898943, 69.00724599634447, 201.54652068443156, 52.392747589718944, 82.02438661763951, 136.19104228986575, 150.44268011438774, 48.38388161361178, 99.00505037623081, 195.88006534611938, 90.82400563727631, 249.32308356828895, 38.897300677553446, 76.4198926981712, 161.99382704288456, 61.032778078668514, 274.70711676256224, 91.21951545584969, 58.412327466040935, 156.81836627130127], [109.29318368498559, 164.14627622946554, 112.29425630903836, 33.37663853655727, 157.41982086128797, 43.41658669218482, 121.75795661885921, 52.49761899362675, 0.0, 192.67589366602144, 229.61707253599414, 113.8859078200635, 153.28731193415845, 88.95504482602435, 61.220911460055866, 128.40560735419618, 188.13027401245128, 27.730849247724095, 139.17614738165446, 145.6193668438371, 114.03946685248927, 207.3306537876153, 62.16912416947821, 97.67292357659824, 119.03780911962384, 16.76305461424021, 226.6362724719942, 109.20164833920778, 86.02325267042627, 163.0828010551695], [144.08677940741129, 106.30145812734649, 286.84839201222655, 226.0486673263083, 162.1141573089778, 154.12008305214476, 307.7027786679867, 235.28705871764387, 192.67589366602144, 0.0, 172.18594600024707, 263.8370709358334, 193.40372281835735, 235.8156059297179, 158.3161394173064, 295.6010825419961, 295.3116997343654, 186.90371852908652, 331.14649326242306, 76.00657866263946, 305.38009103410786, 15.033296378372908, 254.82739256210272, 214.40149253211834, 211.7026216181557, 177.89041570584965, 60.728905802755904, 210.63950246807934, 221.96396103872357, 195.50959055759898], [262.58903252040056, 259.5149321330085, 258.4917793663853, 253.87004549572208, 302.49793387724156, 190.370691021491, 292.0154105522515, 238.02520874898943, 229.61707253599414, 172.18594600024707, 0.0, 217.2233873228203, 323.7854227725516, 201.8142710513803, 168.40427548016706, 358.0223456713282, 195.0, 205.24375751773792, 330.19085390119454, 220.238507078122, 328.7324139782994, 172.53985046939155, 274.6506872374435, 169.799882214329, 318.2860348805772, 213.96495040076073, 231.46490014686893, 155.97756248896826, 187.92551716038992, 92.0869154657707], [221.05429197371402, 268.79360111431225, 43.9089968002003, 104.0, 270.38676003088614, 123.40583454602137, 79.40403012442127, 69.00724599634447, 113.8859078200635, 263.8370709358334, 217.2233873228203, 0.0, 267.0674072214728, 29.0, 107.71258050942797, 199.32385707686876, 83.16850365372699, 95.29428104561154, 120.9297316626478, 241.67126432408136, 138.2208377922808, 276.1231609264243, 100.96038827183659, 52.630789467763066, 229.9652147608416, 114.96521212958292, 312.54119728445403, 63.12685640834652, 41.88078318274385, 125.92855117089213], [61.465437442517235, 91.7877987534291, 259.12352266824405, 168.75129629131743, 34.92849839314596, 160.11246047700348, 256.62813563598206, 201.54652068443156, 153.28731193415845, 193.40372281835735, 323.7854227725516, 267.0674072214728, 0.0, 242.01239637671455, 187.3846311734236, 155.1934276958918, 339.7322475126552, 175.64737401965337, 254.2852728728111, 117.79643458101778, 209.32271735289507, 206.11889772653063, 187.9627622695517, 245.66033460858105, 49.20365840057018, 155.2932709424333, 181.8378398463862, 254.07085625864295, 237.44683615495913, 290.0706810417075], [193.86593305684215, 240.18534509832193, 58.008620049092706, 85.37564055396598, 243.57750306627253, 94.62557793746889, 90.24411338142782, 52.392747589718944, 88.95504482602435, 235.8156059297179, 201.8142710513803, 29.0, 242.01239637671455, 0.0, 78.87331614684399, 188.35339126227592, 100.17983829094555, 67.77905281132217, 128.87590930814028, 212.7016690108472, 135.94851966829208, 248.3646512690564, 89.88882021697692, 32.01562118716424, 207.24140512938047, 87.92041856133307, 283.7692724732542, 46.238512086787566, 15.132745950421556, 113.63538181394033], [130.4645545732633, 166.38509548634457, 128.69343417595164, 87.46427842267951, 180.34688796871433, 27.65863337187866, 151.99013125857877, 82.02438661763951, 61.220911460055866, 158.3161394173064, 168.40427548016706, 107.71258050942797, 187.3846311734236, 78.87331614684399, 0.0, 189.62067397834025, 159.76545308670458, 38.27531841800928, 181.02486017119307, 135.66502865514016, 167.10774967068403, 171.49344010777787, 112.05802068571441, 65.29931086925804, 165.07574019219177, 45.967379738244816, 204.89997559785115, 69.3757882838098, 66.48308055437865, 106.62082348209472], [161.60754932861275, 224.58851261807672, 167.88686666919483, 107.93516572461452, 183.17477992343814, 169.28378540191025, 146.00342461736986, 136.19104228986575, 128.40560735419618, 295.6010825419961, 358.0223456713282, 199.32385707686876, 155.1934276958918, 188.35339126227592, 189.62067397834025, 0.0, 282.4553061990516, 153.63918770938616, 122.97154142320898, 228.0548179714693, 75.95393340703298, 310.57688259109045, 98.89893831583835, 211.36697944570244, 107.15409464878138, 144.26711336961034, 310.23217112349903, 225.63909235768523, 194.1957775030137, 287.50652166516153], [287.67342595380615, 325.7744618597351, 119.57006314291216, 184.83776670366908, 337.8905148121208, 183.65728953678914, 152.43359209832983, 150.44268011438774, 188.13027401245128, 295.3116997343654, 195.0, 83.16850365372699, 339.7322475126552, 100.17983829094555, 159.76545308670458, 282.4553061990516, 0.0, 164.10362579784763, 193.61043360315063, 292.93343953874574, 218.92921230388603, 304.8032152061392, 184.09780009549272, 95.33624704172071, 307.02605752606735, 184.43969204051496, 351.43847256667846, 90.87353850269065, 102.39628899525607, 110.05907504608605], [126.08727136392476, 174.4505660638566, 103.60019305001319, 49.24428900898052, 175.84083712266613, 33.1058907144937, 120.90492132250036, 48.38388161361178, 27.730849247724095, 186.90371852908652, 205.24375751773792, 95.29428104561154, 175.64737401965337, 67.77905281132217, 38.27531841800928, 153.63918770938616, 164.10362579784763, 0.0, 145.8800877433243, 150.33296378372907, 129.07362240210043, 200.9601950635996, 74.14849964766651, 71.25307010929424, 144.77914214416384, 20.396078054371138, 227.24656213021134, 82.0, 61.814237842102365, 135.66502865514016], [233.5658365429328, 295.6653513687392, 77.20103626247513, 106.28264204469139, 272.6407893181063, 177.55280904564702, 41.86884283091664, 99.00505037623081, 139.17614738165446, 331.14649326242306, 330.19085390119454, 120.9297316626478, 254.2852728728111, 128.87590930814028, 181.02486017119307, 122.97154142320898, 193.61043360315063, 145.8800877433243, 0.0, 282.97879779234347, 47.92702786528704, 345.5835644240044, 77.62087348130012, 160.70469812671936, 206.15528128088303, 153.28731193415845, 365.2971393263298, 175.1142484208524, 142.30249470757707, 242.39224410034245], [69.6419413859206, 39.45883931389772, 253.78928267363852, 177.1016657177453, 88.09086218218096, 118.79393923933998, 267.22649569232465, 195.88006534611938, 145.6193668438371, 76.00657866263946, 220.238507078122, 241.67126432408136, 117.79643458101778, 212.7016690108472, 135.66502865514016, 228.0548179714693, 292.93343953874574, 150.33296378372907, 282.97879779234347, 0.0, 250.0, 89.47066558375433, 205.41178155110774, 200.5617112013158, 136.95619737711763, 134.84806264830058, 83.74365647617735, 202.23748416156684, 201.63581031156147, 212.07781590727495], [194.5507645834372, 258.14143410154054, 99.74467404327912, 81.39410298049853, 230.0, 156.62694531912445, 72.18032973047436, 90.82400563727631, 114.03946685248927, 305.38009103410786, 328.7324139782994, 138.2208377922808, 209.32271735289507, 135.94851966829208, 167.10774967068403, 75.95393340703298, 218.92921230388603, 129.07362240210043, 47.92702786528704, 250.0, 0.0, 320.2264823527249, 55.08175741568164, 165.0, 160.55217220579732, 130.24592124131948, 333.54609876297457, 180.0, 146.2087548678259, 246.85420798519922], [158.2308440222702, 117.41379816699569, 300.1666203960727, 240.7072911234722, 174.14074767268, 168.32409215557945, 321.6162309337015, 249.32308356828895, 207.3306537876153, 15.033296378372908, 172.53985046939155, 276.1231609264243, 206.11889772653063, 248.3646512690564, 171.49344010777787, 310.57688259109045, 304.8032152061392, 200.9601950635996, 345.5835644240044, 89.47066558375433, 320.2264823527249, 0.0, 269.45314991664134, 226.0486673263083, 225.84950741588966, 192.39802493788756, 59.07622195096772, 221.6325788326256, 234.30322234233142, 202.76587484091104], [158.79546593023366, 219.40145851839728, 75.66372975210778, 28.861739379323623, 201.41995928904365, 103.00485425454472, 68.81860213634101, 38.897300677553446, 62.16912416947821, 254.82739256210272, 274.6506872374435, 100.96038827183659, 187.9627622695517, 89.88882021697692, 112.05802068571441, 98.89893831583835, 184.09780009549272, 74.14849964766651, 77.62087348130012, 205.41178155110774, 55.08175741568164, 269.45314991664134, 0.0, 115.31261856362468, 143.26548781894402, 77.31752712031083, 287.6890682664185, 130.11533345459327, 97.18538984847466, 195.38935487891862], [192.41881404893857, 231.66354913969525, 89.45389874119518, 104.31682510506155, 242.6375898330677, 88.32326986700618, 122.24974437601087, 76.4198926981712, 97.67292357659824, 214.40149253211834, 169.799882214329, 52.630789467763066, 245.66033460858105, 32.01562118716424, 65.29931086925804, 211.36697944570244, 95.33624704172071, 71.25307010929424, 160.70469812671936, 200.5617112013158, 165.0, 226.0486673263083, 115.31261856362468, 0.0, 216.02314690791817, 91.02197536858887, 265.88719412562915, 15.0, 18.867962264113206, 82.365041127896], [67.62396025078685, 123.1990259701756, 216.9331694324314, 127.57742747053649, 76.24303246854758, 137.56816492197603, 211.12318678913502, 161.99382704288456, 119.03780911962384, 211.7026216181557, 318.2860348805772, 229.9652147608416, 49.20365840057018, 207.24140512938047, 165.07574019219177, 107.15409464878138, 307.02605752606735, 144.77914214416384, 206.15528128088303, 136.95619737711763, 160.55217220579732, 225.84950741588966, 143.26548781894402, 216.02314690791817, 0.0, 125.44720004846661, 212.98356744124652, 226.41775548750587, 205.0609665440988, 271.4295488704205], [106.10372283760829, 156.54072952429985, 119.55333537798099, 49.0, 155.66630977832037, 26.68332812825267, 132.8834075421006, 61.032778078668514, 16.76305461424021, 177.89041570584965, 213.96495040076073, 114.96521212958292, 155.2932709424333, 87.92041856133307, 45.967379738244816, 144.26711336961034, 184.43969204051496, 20.396078054371138, 153.28731193415845, 134.84806264830058, 130.24592124131948, 192.39802493788756, 77.31752712031083, 91.02197536858887, 125.44720004846661, 0.0, 214.21717951648975, 100.9752444909147, 82.20097323024831, 150.45597362683876], [149.01342221424215, 90.70832376358854, 330.4088376542008, 259.04825805243314, 147.12239802287073, 194.31160541768986, 347.0518693221519, 274.70711676256224, 226.6362724719942, 60.728905802755904, 231.46490014686893, 312.54119728445403, 181.8378398463862, 283.7692724732542, 204.89997559785115, 310.23217112349903, 351.43847256667846, 227.24656213021134, 365.2971393263298, 83.74365647617735, 333.54609876297457, 59.07622195096772, 287.6890682664185, 265.88719412562915, 212.98356744124652, 214.21717951648975, 0.0, 264.02462006411446, 270.9464891819047, 254.95097567963924], [199.12307751739877, 234.92339176846565, 102.59142264341595, 118.1905241548577, 249.23081671414553, 94.76286192385707, 136.12494260788506, 91.21951545584969, 109.20164833920778, 210.63950246807934, 155.97756248896826, 63.12685640834652, 254.07085625864295, 46.238512086787566, 69.3757882838098, 225.63909235768523, 90.87353850269065, 82.0, 175.1142484208524, 202.23748416156684, 180.0, 221.6325788326256, 130.11533345459327, 15.0, 226.41775548750587, 100.9752444909147, 264.02462006411446, 0.0, 33.83784863137726, 67.53517601961218], [186.90371852908652, 230.4951192541829, 73.00684899377592, 88.23831367382311, 236.96624232155938, 85.0, 104.5609869884557, 58.412327466040935, 86.02325267042627, 221.96396103872357, 187.92551716038992, 41.88078318274385, 237.44683615495913, 15.132745950421556, 66.48308055437865, 194.1957775030137, 102.39628899525607, 61.814237842102365, 142.30249470757707, 201.63581031156147, 146.2087548678259, 234.30322234233142, 97.18538984847466, 18.867962264113206, 205.0609665440988, 82.20097323024831, 270.9464891819047, 33.83784863137726, 0.0, 101.21264743103995], [230.09780529157595, 249.80792621532248, 168.2914139223983, 179.6941846582688, 277.72108310317384, 133.8992158304148, 202.74368054269902, 156.81836627130127, 163.0828010551695, 195.50959055759898, 92.0869154657707, 125.92855117089213, 290.0706810417075, 113.63538181394033, 106.62082348209472, 287.50652166516153, 110.05907504608605, 135.66502865514016, 242.39224410034245, 212.07781590727495, 246.85420798519922, 202.76587484091104, 195.38935487891862, 82.365041127896, 271.4295488704205, 150.45597362683876, 254.95097567963924, 67.53517601961218, 101.21264743103995, 0.0]]}, {"N": 30, "total": 300, "R": 40000, "r": [29920.085291401374, 2938.448427311906, 7725.169818647495, 11823.902863102101, 27112.89070233793, 38522.205095184516, 5191.563988313974, 14362.645050795705, 9295.231755774532, 22481.08603024498, 4967.678247524563, 19164.618327985347, 3034.387296808245, 22127.422960817672, 15915.655616512167, 31222.953809442035, 32906.764209688656, 18055.751553772116, 12845.406885357961, 2541.0680250377873, 36749.86468454688, 1823.8528395594678, 6873.7087562471015, 651.745574680076, 35214.230823616956, 15394.140425147982, 36735.87062057245, 8541.206263369979, 27948.947537273772, 22943.652790231077], "phi": [4.306297257647444, 5.618874741448166, 2.8052245160277614, 3.075013900952904, 3.927788382411349, 3.1413498977622942, 4.5668925209782785, 5.237939671829552, 3.375872133546704, 3.5246303632325695, 4.205252938485997, 2.212268557333429, 3.4984873440335105, 0.13110223481706326, 2.4422343067759456, 5.640539602354431, 3.5374600877097824, 3.0212081013407825, 4.140539006808929, 1.3778159059975452, 4.801646925683756, 3.886263820378219, 3.132266550989316, 1.4006980395389927, 1.4304369140474782, 2.249314826855413, 4.423644971301879, 0.4474382446091754, 0.890010913454902, 1.1269360995391786], "x": [-68, 42, -82, -108, -116, -196, -10, 60, -93, -139, -34, -82, -51, 147, -96, 141, -167, -133, -61, 9, 17, -31, -82, 4, 26, -77, -54, 83, 105, 65], "y": [-158, -33, 29, 7, -116, 0, -71, -103, -22, -56, -61, 110, -19, 19, 81, -105, -69, 16, -95, 49, -190, -28, 0, 25, 185, 96, -183, 39, 129, 136], "xy": [[-68, -158], [42, -33], [-82, 29], [-108, 7], [-116, -116], [-196, 0], [-10, -71], [60, -103], [-93, -22], [-139, -56], [-34, -61], [-82, 110], [-51, -19], [147, 19], [-96, 81], [141, -105], [-167, -69], [-133, 16], [-61, -95], [9, 49], [17, -190], [-31, -28], [-82, 0], [4, 25], [26, 185], [-77, 96], [-54, -183], [83, 39], [105, 129], [65, 136]], "city_start": [-68, -158], "distance": [[0.0, 166.50825805346713, 187.52333188166213, 169.77926846349644, 63.7808748764079, 203.3420763147657, 104.5609869884557, 139.31618714277246, 138.27870407260838, 124.27791436936813, 102.7861858422619, 268.36