[[{"loadmap": {"loadmap": {"N": 30, "total": 300, "R": 40000, "r": [18982.155991132306, 26990.116554045977, 29266.131786108195, 6839.055070905809, 2063.3558417720856, 2557.945669618258, 35762.392061821636, 5878.185532928981, 9291.704998676767, 11979.02868213077, 20861.428631246352, 10104.594529867396, 370.071962068943, 6286.010530444677, 4835.031884066341, 5845.824428837712, 30084.980971066165, 2865.8847900062055, 37889.392540550696, 13143.263902125194, 8318.457564931188, 6783.337557139482, 19121.375552396137, 6876.605251334906, 3082.6485790863912, 26730.272653767715, 1605.3327527372296, 38371.19466097632, 1195.7817679879668, 26978.85264274518], "phi": [1.3906969142684467, 4.519419210448505, 3.3487273404459437, 4.2374200916668014, 3.2888507610062527, 2.7350422614845797, 1.1325905653207466, 3.9486396921260694, 3.9358423548806423, 3.3483054484454255, 4.681038599197451, 2.9555189221191998, 4.6278471082758275, 6.131060085420793, 0.027905138714412865, 3.531962349681755, 2.041207483462974, 4.5613250080423215, 4.1915146051158105, 4.226377530049585, 2.0380499528325045, 0.9608521039591228, 4.4391802884269245, 4.864351841128942, 3.385918582817298, 3.8396724449898976, 3.537942521080758, 2.082050864537811, 1.738719817718237, 2.3022292366499295], "x": [24, -31, -167, -37, -44, -46, 80, -53, -67, -107, -4, -98, -1, 78, 69, -70, -78, -8, -96, -53, -41, 47, -37, 12, -53, -125, -36, -95, -5, -109], "y": [135, -161, -35, -73, -6, 19, 171, -55, -68, -22, -144, 18, -19, -12, 1, -29, 154, -52, -168, -101, 81, 67, -133, -81, -13, -105, -15, 170, 34, 122], "xy": [[24, 135], [-31, -161], [-167, -35], [-37, -73], [-44, -6], [-46, 19], [80, 171], [-53, -55], [-67, -68], [-107, -22], [-4, -144], [-98, 18], [-1, -19], [78, -12], [69, 1], [-70, -29], [-78, 154], [-8, -52], [-96, -168], [-53, -101], [-41, 81], [47, 67], [-37, -133], [12, -81], [-53, -13], [-125, -105], [-36, -15], [-95, 170], [-5, 34], [-109, 122]], "city_start": [24, 135], "distance": [[0.0, 301.0664378505183, 255.69708641280997, 216.76023620581336, 156.54072952429985, 135.4843164355196, 66.57326790837296, 205.00975586542216, 222.46348014898985, 204.47493733951845, 280.40149785619906, 169.03549923019128, 156.01602481796542, 156.60459763365824, 141.35416513141735, 189.02909828912584, 103.75451797391764, 189.71821209362056, 325.8972230627318, 248.2438317461282, 84.50443775329198, 71.78439941937245, 274.85450696686786, 216.33307652783935, 166.83225107874077, 282.4907078117792, 161.55494421403512, 124.04031602668546, 105.08092119885512, 133.63382805263043], [301.0664378505183, 0.0, 185.39687160251654, 88.20430828479978, 155.54420593516173, 180.62391868188442, 350.06427981157975, 108.25894882179486, 99.72462083156798, 158.42032697857937, 31.906112267087632, 191.12822920751398, 145.13442045221387, 184.6131089603336, 190.3785702225962, 137.64083696345355, 318.4870484022859, 111.40017953306898, 65.37583651472461, 63.90618123468183, 242.20652344641752, 240.97302753627844, 28.635642126552707, 90.82400563727631, 149.6262009141447, 109.41663493271945, 146.08559134972896, 337.13053851586926, 196.72569735548024, 293.5523803344132], [255.69708641280997, 185.39687160251654, 0.0, 135.4400236266961, 126.37246535539299, 132.5028301584536, 321.6286678764814, 115.7410903698423, 105.30432089900205, 61.39218191268331, 196.08671551127577, 87.00574693662483, 166.76930173146374, 246.07722365143832, 238.72997298202839, 97.18538984847466, 208.90667772955464, 159.90622251807463, 150.7647173578752, 131.7269904006009, 171.26587517658035, 237.06539182259397, 162.80049139974977, 184.81612483763422, 116.10340218959993, 81.6333265278342, 132.51792331605563, 217.27632176562636, 176.08236708995025, 167.37084572887835], [216.76023620581336, 88.20430828479978, 135.4400236266961, 0.0, 67.36467917239716, 92.43916918709297, 270.60118255469615, 24.08318915758459, 30.4138126514911, 86.6083136886985, 78.29431652425353, 109.55363982999378, 64.89992295835181, 130.17680284904833, 129.2749008895385, 55.0, 230.67292862405853, 35.805027579936315, 111.83022847155415, 32.2490309931942, 154.0519392932137, 163.2666530556684, 60.0, 49.64876634922564, 62.0966987850401, 93.637599285757, 58.008620049092706, 249.8259394058191, 111.68258592994702, 207.8677464158401], [156.54072952429985, 155.54420593516173, 126.37246535539299, 67.36467917239716, 0.0, 25.079872407968907, 216.11339616044165, 49.8196748283246, 66.12866246946176, 65.0, 143.68020044529447, 59.09314681077663, 44.9221548904324, 122.14745187681976, 113.21660655575224, 34.713109915419565, 163.5726138447387, 58.412327466040935, 170.14111789923092, 95.42536350467836, 87.05170877128145, 116.66190466471906, 127.1927670899568, 93.60021367496978, 11.40175425099138, 127.91403363196706, 12.041594578792296, 183.24027941476186, 55.86591089385369, 143.55835050598765], [135.4843164355196, 180.62391868188442, 132.5028301584536, 92.43916918709297, 25.079872407968907, 0.0, 197.43353311937665, 74.33034373659252, 89.49860334105779, 73.49829930005184, 168.32409215557945, 52.009614495783374, 58.89821729050889, 127.81627439414747, 116.40017182117903, 53.665631459994955, 138.74076545846214, 80.52949770115296, 193.56910910576616, 120.20399327809372, 62.20128616033595, 104.65658125507444, 152.26621424334422, 115.6027681329474, 32.7566787083184, 147.02720836634285, 35.4400902933387, 158.75137794677562, 43.657759905886145, 120.7393887677091], [66.57326790837296, 350.06427981157975, 321.6286678764814, 270.60118255469615, 216.11339616044165, 197.43353311937665, 0.0, 262.23081436017395, 280.58866691297425, 268.73406929527937, 326.0076686214605, 234.71898091121648, 206.54539452623968, 183.0109286354233, 170.35551062410633, 250.0, 158.91192529196795, 239.7352706632881, 381.9646580509773, 302.77549438486597, 150.8011936292283, 109.11003620199197, 325.7376244771242, 261.01340961720723, 227.03523955544875, 343.80372307466365, 219.20766409959302, 175.0028571195339, 161.22654868228122, 195.24855953373896], [205.00975586542216, 108.25894882179486, 115.7410903698423, 24.08318915758459, 49.8196748283246, 74.33034373659252, 262.23081436017395, 0.0, 19.1049731745428, 63.28506932918696, 101.59724405711013, 85.75546629807339, 63.245553203367585, 137.87675656179326, 134.23859355639868, 31.064449134018133, 210.48990474604713, 45.09988913511872, 120.90492132250036, 46.0, 136.5283853270081, 157.74663229368798, 79.62411694957753, 70.00714249274856, 42.0, 87.65842800324451, 43.46262762420146, 228.8864347225497, 101.11874208078342, 185.64751546950473], [222.46348014898985, 99.72462083156798, 105.30432089900205, 30.4138126514911, 66.12866246946176, 89.49860334105779, 280.58866691297425, 19.1049731745428, 0.0, 60.959002616512684, 98.71676655968832, 91.4166286842826, 82.20097323024831, 155.43809056984713, 152.50245899656832, 39.11521443121589, 222.27235545609355, 61.1310068623117, 104.12012293500234, 35.84689665786984, 151.25144627407698, 176.69465187152667, 71.58910531638176, 80.06247560499239, 56.753854494650845, 68.79680225126747, 61.40032573203501, 239.64139876073165, 119.36498649101419, 194.58674158328466], [204.47493733951845, 158.42032697857937, 61.39218191268331, 86.6083136886985, 65.0, 73.49829930005184, 268.73406929527937, 63.28506932918696, 60.959002616512684, 0.0, 159.66527487215245, 41.0, 106.04244433244644, 185.27007313648906, 177.49647883831386, 37.656340767525464, 178.3732042656632, 103.4456378974, 146.4137971640651, 95.69221493935649, 122.3315167894194, 177.867928531256, 131.2288078129189, 132.82319074619463, 54.74486277268398, 84.92938243034621, 71.34423592694787, 192.37463450257678, 116.36150566231085, 144.01388821915754], [280.40149785619906, 31.906112267087632, 196.08671551127577, 78.29431652425353, 143.68020044529447, 168.32409215557945, 326.0076686214605, 101.59724405711013, 98.71676655968832, 159.66527487215245, 0.0, 187.29655629509048, 125.03599481749245, 155.3962676514465, 162.33915116200404, 132.59336333316233, 307.0504844484047, 92.0869154657707, 95.0789145920377, 65.19202405202648, 228.02192877001983, 217.07602354935472, 34.785054261852174, 65.0, 139.86421987055874, 127.12985487288185, 132.90974381135493, 326.92047962769175, 178.0028089666003, 285.97377502141694], [169.03549923019128, 191.12822920751398, 87.00574693662483, 109.55363982999378, 59.09314681077663, 52.009614495783374, 234.71898091121648, 85.75546629807339, 91.4166286842826, 41.0, 187.29655629509048, 0.0, 103.81714694596457, 178.53851125177448, 167.86303941010956, 54.70831746635972, 137.46272221951665, 114.0175425099138, 186.01075237738274, 127.22421153223941, 84.95881355103778, 153.05554547287727, 162.85576440519384, 147.98986451781082, 54.644304369257, 125.92855117089213, 70.2353187506115, 152.029602380589, 94.36630754670864, 104.58011283222064], [156.01602481796542, 145.13442045221387, 166.76930173146374, 64.89992295835181, 44.9221548904324, 58.89821729050889, 206.54539452623968, 63.245553203367585, 82.20097323024831, 106.04244433244644, 125.03599481749245, 103.81714694596457, 0.0, 79.30952023559341, 72.80109889280519, 69.72087205421343, 189.3620870184948, 33.734255586866, 176.70880000724355, 97.09788875150684, 107.70329614269008, 98.48857801796105, 119.54915307102765, 63.34824385884742, 52.3450093132096, 150.90394295710104, 35.22782990761707, 211.0852908186641, 53.150729063673246, 177.6091213873882], [156.60459763365824, 184.6131089603336, 246.07722365143832, 130.17680284904833, 122.14745187681976, 127.81627439414747, 183.0109286354233, 137.87675656179326, 155.43809056984713, 185.27007313648906, 155.3962676514465, 178.53851125177448, 79.30952023559341, 0.0, 15.811388300841896, 148.9731519435633, 227.7981562699751, 94.847245611035, 233.69210512980536, 158.3729774930054, 151.02979838429238, 84.86459803710851, 166.93112352104984, 95.4829827770373, 131.00381673829202, 223.28905033610582, 114.03946685248927, 251.10356429170812, 94.89467845985885, 230.05434140654683], [141.35416513141735, 190.3785702225962, 238.72997298202839, 129.2749008895385, 113.21660655575224, 116.40017182117903, 170.35551062410633, 134.23859355639868, 152.50245899656832, 177.49647883831386, 162.33915116200404, 167.86303941010956, 72.80109889280519, 15.811388300841896, 0.0, 142.20056258679148, 212.17445652104308, 93.47726996441435, 236.19060099843094, 159.02201105507376, 136.01470508735443, 69.57010852370435, 170.85666507338834, 99.86490875177326, 122.80065146407001, 221.0701246211256, 106.21205204683694, 235.49309968659378, 81.02468759581859, 215.23243250030885], [189.02909828912584, 137.64083696345355, 97.18538984847466, 55.0, 34.713109915419565, 53.665631459994955, 250.0, 31.064449134018133, 39.11521443121589, 37.656340767525464, 132.59336333316233, 54.70831746635972, 69.72087205421343, 148.9731519435633, 142.20056258679148, 0.0, 183.17477992343814, 66.12866246946176, 141.41074923781431, 73.97972695272672, 113.75851616472501, 151.34397906755325, 109.11003620199197, 97.09788875150684, 23.345235059857504, 93.81364506296512, 36.76955262170047, 200.5642041840966, 90.52071586106685, 155.95512174981621], [103.75451797391764, 318.4870484022859, 208.90667772955464, 230.67292862405853, 163.5726138447387, 138.74076545846214, 158.91192529196795, 210.48990474604713, 222.27235545609355, 178.3732042656632, 307.0504844484047, 137.46272221951665, 189.3620870184948, 227.7981562699751, 212.17445652104308, 183.17477992343814, 0.0, 217.56838005555863, 322.50271316688173, 256.2225595063791, 81.8413098624405, 152.2957648787385, 289.9137802864845, 251.6445906432324, 168.86088949191284, 263.2299375071156, 174.14074767268, 23.345235059857504, 140.45995870709916, 44.553338819890925], [189.71821209362056, 111.40017953306898, 159.90622251807463, 35.805027579936315, 58.412327466040935, 80.52949770115296, 239.7352706632881, 45.09988913511872, 61.1310068623117, 103.4456378974, 92.0869154657707, 114.0175425099138, 33.734255586866, 94.847245611035, 93.47726996441435, 66.12866246946176, 217.56838005555863, 0.0, 145.60219778561037, 66.52818951391959, 137.03284277865654, 131.0953851209111, 86.03487664894976, 35.22782990761707, 59.54829972383762, 128.4445405612866, 46.400431032480725, 238.4386713601634, 86.05230967266364, 201.1889659002203], [325.8972230627318, 65.37583651472461, 150.7647173578752, 111.83022847155415, 170.14111789923092, 193.56910910576616, 381.9646580509773, 120.90492132250036, 104.12012293500234, 146.4137971640651, 95.0789145920377, 186.01075237738274, 176.70880000724355, 233.69210512980536, 236.19060099843094, 141.41074923781431, 322.50271316688173, 145.60219778561037, 0.0, 79.61155694998057, 255.0019607767752, 275.0890764825096, 68.60029154456998, 138.68309197591464, 160.85397104206038, 69.35416353759881, 164.34415109762804, 338.0014792867037, 221.55134844996994, 290.2912330746487], [248.2438317461282, 63.90618123468183, 131.7269904006009, 32.2490309931942, 95.42536350467836, 120.20399327809372, 302.77549438486597, 46.0, 35.84689665786984, 95.69221493935649, 65.19202405202648, 127.22421153223941, 97.09788875150684, 158.3729774930054, 159.02201105507376, 73.97972695272672, 256.2225595063791, 66.52818951391959, 79.61155694998057, 0.0, 182.3951753747889, 195.50959055759898, 35.77708763999664, 68.00735254367721, 88.0, 72.11102550927978, 87.66413177577246, 274.23530042647684, 143.27944723511465, 229.92390045404153], [84.50443775329198, 242.20652344641752, 171.26587517658035, 154.0519392932137, 87.05170877128145, 62.20128616033595, 150.8011936292283, 136.5283853270081, 151.25144627407698, 122.3315167894194, 228.02192877001983, 84.95881355103778, 107.70329614269008, 151.02979838429238, 136.01470508735443, 113.75851616472501, 81.8413098624405, 137.03284277865654, 255.0019607767752, 182.3951753747889, 0.0, 89.10667763978185, 214.03737991294886, 170.4494059831245, 94.76286192385707, 204.08821622033938, 96.13012014972206, 104.10091258005379, 59.20304046246274, 79.40403012442127], [71.78439941937245, 240.97302753627844, 237.06539182259397, 163.2666530556684, 116.66190466471906, 104.65658125507444, 109.11003620199197, 157.74663229368798, 176.69465187152667, 177.867928531256, 217.07602354935472, 153.05554547287727, 98.48857801796105, 84.86459803710851, 69.57010852370435, 151.34397906755325, 152.2957648787385, 131.0953851209111, 275.0890764825096, 195.50959055759898, 89.10667763978185, 0.0, 216.92394980729998, 152.08221460775746, 128.06248474865697, 243.24473272817235, 116.67476162392619, 175.4223474931287, 61.587336360651285, 165.41160781517118], [274.85450696686786, 28.635642126552707, 162.80049139974977, 60.0, 127.1927670899568, 152.26621424334422, 325.7376244771242, 79.62411694957753, 71.58910531638176, 131.2288078129189, 34.785054261852174, 162.85576440519384, 119.54915307102765, 166.93112352104984, 170.85666507338834, 109.11003620199197, 289.9137802864845, 86.03487664894976, 68.60029154456998, 35.77708763999664, 214.03737991294886, 216.92394980729998, 0.0, 71.449282711585, 121.06196760337245, 92.34717104492157, 118.00423721205946, 308.5012155567624, 170.03823099526764, 264.9698096010185], [216.33307652783935, 90.82400563727631, 184.81612483763422, 49.64876634922564, 93.60021367496978, 115.6027681329474, 261.01340961720723, 70.00714249274856, 80.06247560499239, 132.82319074619463, 65.0, 147.98986451781082, 63.34824385884742, 95.4829827770373, 99.86490875177326, 97.09788875150684, 251.6445906432324, 35.22782990761707, 138.68309197591464, 68.00735254367721, 170.4494059831245, 152.08221460775746, 71.449282711585, 0.0, 94.06912352095134, 139.08630414242805, 81.60882305241266, 272.8552729928451, 116.2497311824849, 236.32604596192948], [166.83225107874077, 149.6262009141447, 116.10340218959993, 62.0966987850401, 11.40175425099138, 32.7566787083184, 227.03523955544875, 42.0, 56.753854494650845, 54.74486277268398, 139.86421987055874, 54.644304369257, 52.3450093132096, 131.00381673829202, 122.80065146407001, 23.345235059857504, 168.86088949191284, 59.54829972383762, 160.85397104206038, 88.0, 94.76286192385707, 128.06248474865697, 121.06196760337245, 94.06912352095134, 0.0, 116.82465493208187, 17.11724276862369, 187.7578227398262, 67.17886572427373, 146.15402833996743], [282.4907078117792, 109.41663493271945, 81.6333265278342, 93.637599285757, 127.91403363196706, 147.02720836634285, 343.80372307466365, 87.65842800324451, 68.79680225126747, 84.92938243034621, 127.12985487288185, 125.92855117089213, 150.90394295710104, 223.28905033610582, 221.0701246211256, 93.81364506296512, 263.2299375071156, 128.4445405612866, 69.35416353759881, 72.11102550927978, 204.08821622033938, 243.24473272817235, 92.34717104492157, 139.08630414242805, 116.82465493208187, 0.0, 126.57408897558773, 276.63152387246106, 183.6327857437228, 227.56317804073663], [161.55494421403512, 146.08559134972896, 132.51792331605563, 58.008620049092706, 12.041594578792296, 35.4400902933387, 219.20766409959302, 43.46262762420146, 61.40032573203501, 71.34423592694787, 132.90974381135493, 70.2353187506115, 35.22782990761707, 114.03946685248927, 106.21205204683694, 36.76955262170047, 174.14074767268, 46.400431032480725, 164.34415109762804, 87.66413177577246, 96.13012014972206, 116.67476162392619, 118.00423721205946, 81.60882305241266, 17.11724276862369, 126.57408897558773, 0.0, 194.18032856085088, 57.982756057296896, 155.23530526268823], [124.04031602668546, 337.13053851586926, 217.27632176562636, 249.8259394058191, 183.24027941476186, 158.75137794677562, 175.0028571195339, 228.8864347225497, 239.64139876073165, 192.37463450257678, 326.92047962769175, 152.029602380589, 211.0852908186641, 251.10356429170812, 235.49309968659378, 200.5642041840966, 23.345235059857504, 238.4386713601634, 338.0014792867037, 274.23530042647684, 104.10091258005379, 175.4223474931287, 308.5012155567624, 272.8552729928451, 187.7578227398262, 276.63152387246106, 194.18032856085088, 0.0, 163.0828010551695, 50.0], [105.08092119885512, 196.72569735548024, 176.08236708995025, 111.68258592994702, 55.86591089385369, 43.657759905886145, 161.22654868228122, 101.11874208078342, 119.36498649101419, 116.36150566231085, 178.0028089666003, 94.36630754670864, 53.150729063673246, 94.89467845985885, 81.02468759581859, 90.52071586106685, 140.45995870709916, 86.05230967266364, 221.55134844996994, 143.27944723511465, 59.20304046246274, 61.587336360651285, 170.03823099526764, 116.2497311824849, 67.17886572427373, 183.6327857437228, 57.982756057296896, 163.0828010551695, 0.0, 136.23509092741122], [133.63382805263043, 293.5523803344132, 167.37084572887835, 207.8677464158401, 143.55835050598765, 120.7393887677091, 195.24855953373896, 185.64751546950473, 194.58674158328466, 144.01388821915754, 285.97377502141694, 104.58011283222064, 177.6091213873882, 230.05434140654683, 215.23243250030885, 155.95512174981621, 44.553338819890925, 201.1889659002203, 290.2912330746487, 229.92390045404153, 79.40403012442127, 165.41160781517118, 264.9698096010185, 236.32604596192948, 146.15402833996743, 227.56317804073663, 155.23530526268823, 50.0, 136.23509092741122, 0.0]]}, "order": NaN, "N": 30, "total": 300, "budget_remain": 300, "R": 40000, "r": [18982.155991132306, 26990.116554045977, 29266.131786108195, 6839.055070905809, 2063.3558417720856, 2557.945669618258, 35762.392061821636, 5878.185532928981, 9291.704998676767, 11979.02868213077, 20861.428631246352, 10104.594529867396, 370.071962068943, 6286.010530444677, 4835.031884066341, 5845.824428837712, 30084.980971066165, 2865.8847900062055, 37889.392540550696, 13143.263902125194, 8318.457564931188, 6783.337557139482, 19121.375552396137, 6876.605251334906, 3082.6485790863912, 26730.272653767715, 1605.3327527372296, 38371.19466097632, 1195.7817679879668, 26978.85264274518], "phi": [181.39069691426846, 184.51941921044852, 183.34872734044595, 184.2374200916668, 183.28885076100624, 182.73504226148458, 181.13259056532075, 183.94863969212608, 183.93584235488063, 183.34830544844542, 184.68103859919745, 182.9555189221192, 184.62784710827583, 186.13106008542078, 180.0279051387144, 183.53196234968175, 182.04120748346298, 184.56132500804233, 184.1915146051158, 184.22637753004958, 182.0380499528325, 180.96085210395913, 184.4391802884269, 184.86435184112895, 183.3859185828173, 183.8396724449899, 183.53794252108077, 182.08205086453782, 181.73871981771825, 182.30222923664994], "x": [93, -110, 72, -36, 21, 43, 89, -12, -14, 46, -112, 74, -14, -56, -40, 19, 170, -37, -77, -49, 89, 25, -84, -73, 21, -9, 9, 194, 30, 163], "y": [-100, 121, 155, 74, 39, 25, -166, 75, 95, 99, 90, 68, 12, -55, -56, 74, -29, 38, 178, 103, -15, -78, 109, 38, 51, 163, 38, -25, -15, 14], "xy": [[93, -100], [-110, 121], [72, 155], [-36, 74], [21, 39], [43, 25], [89, -166], [-12, 75], [-14, 95], [46, 99], [-112, 90], [74, 68], [-14, 12], [-56, -55], [-40, -56], [19, 74], [170, -29], [-37, 38], [-77, 178], [-49, 103], [89, -15], [25, -78], [-84, 109], [-73, 38], [21, 51], [-9, 163], [9, 38], [194, -25], [30, -15], [163, 14]], "city_start": [93, -100], "distance": [[0.0, 301.0664378505183, 255.69708641280997, 216.76023620581336, 156.54072952429985, 135.4843164355196, 66.57326790837296, 205.00975586542216, 222.46348014898985, 204.47493733951845, 280.40149785619906, 169.03549923019128, 156.01602481796542, 156.60459763365824, 141.35416513141735, 189.02909828912584, 103.75451797391764, 189.71821209362056, 325.8972230627318, 248.2438317461282, 84.50443775329198, 71.78439941937245, 274.85450696686786, 216.33307652783935, 166.83225107874077, 282.4907078117792, 161.55494421403512, 124.04031602668546, 105.08092119885512, 133.63382805263043], [301.0664378505183, 0.0, 185.39687160251654, 88.20430828479978, 155.54420593516173, 180.62391868188442, 350.06427981157975, 108.25894882179486, 99.72462083156798, 158.42032697857937, 31.906112267087632, 191.12822920751398, 145.13442045221387, 184.6131089603336, 190.3785702225962, 137.64083696345355, 318.4870484022859, 111.40017953306898, 65.37583651472461, 63.90618123468183, 242.20652344641752, 240.97302753627844, 28.635642126552707, 90.82400563727631, 149.6262009141447, 109.41663493271945, 146.08559134972896, 337.13053851586926, 196.72569735548024, 293.5523803344132], [255.69708641280997, 185.39687160251654, 0.0, 135.4400236266961, 126.37246535539299, 132.5028301584536, 321.6286678764814, 115.7410903698423, 105.30432089900205, 61.39218191268331, 196.08671551127577, 87.00574693662483, 166.76930173146374, 246.07722365143832, 238.72997298202839, 97.18538984847466, 208.90667772955464, 159.90622251807463, 150.7647173578752, 131.7269904006009, 171.26587517658035, 237.06539182259397, 162.80049139974977, 184.81612483763422, 116.10340218959993, 81.6333265278342, 132.51792331605563, 217.27632176562636, 176.08236708995025, 167.37084572887835], [216.76023620581336, 88.20430828479978, 135.4400236266961, 0.0, 67.36467917239716, 92.43916918709297, 270.60118255469615, 24.08318915758459, 30.4138126514911, 86.6083136886985, 78.29431652425353, 109.55363982999378, 64.89992295835181, 130.17680284904833, 129.2749008895385, 55.0, 230.67292862405853, 35.805027579936315, 111.83022847155415, 32.2490309931942, 154.0519392932137, 163.2666530556684, 60.0, 49.64876634922564, 62.0966987850401, 93.637599285757, 58.008620049092706, 249.8259394058191, 111.68258592994702, 207.8677464158401], [156.54072952429985, 155.54420593516173, 126.37246535539299, 67.36467917239716, 0.0, 25.079872407968907, 216.11339616044165, 49.8196748283246, 66.12866246946176, 65.0, 143.68020044529447, 59.09314681077663, 44.9221548904324, 122.14745187681976, 113.21660655575224, 34.713109915419565, 163.5726138447387, 58.412327466040935, 170.14111789923092, 95.42536350467836, 87.05170877128145, 116.66190466471906, 127.1927670899568, 93.60021367496978, 11.40175425099138, 127.91403363196706, 12.041594578792296, 183.24027941476186, 55.86591089385369, 143.55835050598765], [135.4843164355196, 180.62391868188442, 132.5028301584536, 92.43916918709297, 25.079872407968907, 0.0, 197.43353311937665, 74.33034373659252, 89.49860334105779, 73.49829930005184, 168.32409215557945, 52.009614495783374, 58.89821729050889, 127.81627439414747, 116.40017182117903, 53.665631459994955, 138.74076545846214, 80.52949770115296, 193.56910910576616, 120.20399327809372, 62.20128616033595, 104.65658125507444, 152.26621424334422, 115.6027681329474, 32.7566787083184, 147.02720836634285, 35.4400902933387, 158.75137794677562, 43.657759905886145, 120.7393887677091], [66.57326790837296, 350.06427981157975, 321.6286678764814, 270.60118255469615, 216.11339616044165, 197.43353311937665, 0.0, 262.23081436017395, 280.58866691297425, 268.73406929527937, 326.0076686214605, 234.71898091121648, 206.54539452623968, 183.0109286354233, 170.35551062410633, 250.0, 158.91192529196795, 239.7352706632881, 381.9646580509773, 302.77549438486597, 150.8011936292283, 109.11003620199197, 325.7376244771242, 261.01340961720723, 227.03523955544875, 343.80372307466365, 219.20766409959302, 175.0028571195339, 161.22654868228122, 195.24855953373896], [205.00975586542216, 108.25894882179486, 115.7410903698423, 24.08318915758459, 49.8196748283246, 74.33034373659252, 262.23081436017395, 0.0, 19.1049731745428, 63.28506932918696, 101.59724405711013, 85.75546629807339, 63.245553203367585, 137.87675656179326, 134.23859355639868, 31.064449134018133, 210.48990474604713, 45.09988913511872, 120.90492132250036, 46.0, 136.5283853270081, 157.74663229368798, 79.62411694957753, 70.00714249274856, 42.0, 87.65842800324451, 43.46262762420146, 228.8864347225497, 101.11874208078342, 185.64751546950473], [222.46348014898985, 99.72462083156798, 105.30432089900205, 30.4138126514911, 66.12866246946176, 89.49860334105779, 280.58866691297425, 19.1049731745428, 0.0, 60.959002616512684, 98.71676655968832, 91.4166286842826, 82.20097323024831, 155.43809056984713, 152.50245899656832, 39.11521443121589, 222.27235545609355, 61.1310068623117, 104.12012293500234, 35.84689665786984, 151.25144627407698, 176.69465187152667, 71.58910531638176, 80.06247560499239, 56.753854494650845, 68.79680225126747, 61.40032573203501, 239.64139876073165, 119.36498649101419, 194.58674158328466], [204.47493733951845, 158.42032697857937, 61.39218191268331, 86.6083136886985, 65.0, 73.49829930005184, 268.73406929527937, 63.28506932918696, 60.959002616512684, 0.0, 159.66527487215245, 41.0, 106.04244433244644, 185.27007313648906, 177.49647883831386, 37.656340767525464, 178.3732042656632, 103.4456378974, 146.4137971640651, 95.69221493935649, 122.3315167894194, 177.867928531256, 131.2288078129189, 132.82319074619463, 54.74486277268398, 84.92938243034621, 71.34423592694787, 192.37463450257678, 116.36150566231085, 144.01388821915754], [280.40149785619906, 31.906112267087632, 196.08671551127577, 78.29431652425353, 143.68020044529447, 168.32409215557945, 326.0076686214605, 101.59724405711013, 98.71676655968832, 159.66527487215245, 0.0, 187.29655629509048, 125.03599481749245, 155.3962676514465, 162.33915116200404, 132.59336333316233, 307.0504844484047, 92.0869154657707, 95.0789145920377, 65.19202405202648, 228.02192877001983, 217.07602354935472, 34.785054261852174, 65.0, 139.86421987055874, 127.12985487288185, 132.90974381135493, 326.92047962769175, 178.0028089666003, 285.97377502141694], [169.03549923019128, 191.12822920751398, 87.00574693662483, 109.55363982999378, 59.09314681077663, 52.009614495783374, 234.71898091121648, 85.75546629807339, 91.4166286842826, 41.0, 187.29655629509048, 0.0, 103.81714694596457, 178.53851125177448, 167.86303941010956, 54.70831746635972, 137.46272221951665, 114.0175425099138, 186.01075237738274, 127.22421153223941, 84.95881355103778, 153.05554547287727, 162.85576440519384, 147.98986451781082, 54.644304369257, 125.92855117089213, 70.2353187506115, 152.029602380589, 94.36630754670864, 104.58011283222064], [156.01602481796542, 145.13442045221387, 166.76930173146374, 64.89992295835181, 44.9221548904324, 58.89821729050889, 206.54539452623968, 63.245553203367585, 82.20097323024831, 106.04244433244644, 125.03599481749245, 103.81714694596457, 0.0, 79.30952023559341, 72.80109889280519, 69.72087205421343, 189.3620870184948, 33.734255586866, 176.70880000724355, 97.09788875150684, 107.70329614269008, 98.48857801796105, 119.54915307102765, 63.34824385884742, 52.3450093132096, 150.90394295710104, 35.22782990761707, 211.0852908186641, 53.150729063673246, 177.6091213873882], [156.60459763365824, 184.6131089603336, 246.07722365143832, 130.17680284904833, 122.14745187681976, 127.81627439414747, 183.0109286354233, 137.87675656179326, 155.43809056984713, 185.27007313648906, 155.3962676514465, 178.53851125177448, 79.30952023559341, 0.0, 15.811388300841896, 148.9731519435633, 227.7981562699751, 94.847245611035, 233.69210512980536, 158.3729774930054, 151.02979838429238, 84.86459803710851, 166.93112352104984, 95.4829827770373, 131.00381673829202, 223.28905033610582, 114.03946685248927, 251.10356429170812, 94.89467845985885, 230.05434140654683], [141.35416513141735, 190.3785702225962, 238.72997298202839, 129.2749008895385, 113.21660655575224, 116.40017182117903, 170.35551062410633, 134.23859355639868, 152.50245899656832, 177.49647883831386, 162.33915116200404, 167.86303941010956, 72.80109889280519, 15.811388300841896, 0.0, 142.20056258679148, 212.17445652104308, 93.47726996441435, 236.19060099843094, 159.02201105507376, 136.01470508735443, 69.57010852370435, 170.85666507338834, 99.86490875177326, 122.80065146407001, 221.0701246211256, 106.21205204683694, 235.49309968659378, 81.02468759581859, 215.23243250030885], [189.02909828912584, 137.64083696345355, 97.18538984847466, 55.0, 34.713109915419565, 53.665631459994955, 250.0, 31.064449134018133, 39.11521443121589, 37.656340767525464, 132.59336333316233, 54.70831746635972, 69.72087205421343, 148.9731519435633, 142.20056258679148, 0.0, 183.17477992343814, 66.12866246946176, 141.41074923781431, 73.97972695272672, 113.75851616472501, 151.34397906755325, 109.11003620199197, 97.09788875150684, 23.345235059857504, 93.81364506296512, 36.76955262170047, 200.5642041840966, 90.52071586106685, 155.95512174981621], [103.75451797391764, 318.4870484022859, 208.90667772955464, 230.67292862405853, 163.5726138447387, 138.74076545846214, 158.91192529196795, 210.48990474604713, 222.27235545609355, 178.3732042656632, 307.0504844484047, 137.46272221951665, 189.3620870184948, 227.7981562699751, 212.17445652104308, 183.17477992343814, 0.0, 217.56838005555863, 322.50271316688173, 256.2225595063791, 81.8413098624405, 152.2957648787385, 289.9137802864845, 251.6445906432324, 168.86088949191284, 263.2299375071156, 174.14074767268, 23.345235059857504, 140.45995870709916, 44.553338819890925], [189.71821209362056, 111.40017953306898, 159.90622251807463, 35.805027579936315, 58.412327466040935, 80.52949770115296, 239.7352706632881, 45.09988913511872, 61.1310068623117, 103.4456378974, 92.0869154657707, 114.0175425099138, 33.734255586866, 94.847245611035, 93.47726996441435, 66.12866246946176, 217.56838005555863, 0.0, 145.60219778561037, 66.52818951391959, 137.03284277865654, 131.0953851209111, 86.03487664894976, 35.22782990761707, 59.54829972383762, 128.4445405612866, 46.400431032480725, 238.4386713601634, 86.05230967266364, 201.1889659002203], [325.8972230627318, 65.37583651472461, 150.7647173578752, 111.83022847155415, 170.14111789923092, 193.56910910576616, 381.9646580509773, 120.90492132250036, 104.12012293500234, 146.4137971640651, 95.0789145920377, 186.01075237738274, 176.70880000724355, 233.69210512980536, 236.19060099843094, 141.41074923781431, 322.50271316688173, 145.60219778561037, 0.0, 79.61155694998057, 255.0019607767752, 275.0890764825096, 68.60029154456998, 138.68309197591464, 160.85397104206038, 69.35416353759881, 164.34415109762804, 338.0014792867037, 221.55134844996994, 290.2912330746487], [248.2438317461282, 63.90618123468183, 131.7269904006009, 32.2490309931942, 95.42536350467836, 120.20399327809372, 302.77549438486597, 46.0, 35.84689665786984, 95.69221493935649, 65.19202405202648, 127.22421153223941, 97.09788875150684, 158.3729774930054, 159.02201105507376, 73.97972695272672, 256.2225595063791, 66.52818951391959, 79.61155694998057, 0.0, 182.3951753747889, 195.50959055759898, 35.77708763999664, 68.00735254367721, 88.0, 72.11102550927978, 87.66413177577246, 274.23530042647684, 143.27944723511465, 229.92390045404153], [84.50443775329198, 242.20652344641752, 171.26587517658035, 154.0519392932137, 87.05170877128145, 62.20128616033595, 150.8011936292283, 136.5283853270081, 151.25144627407698, 122.3315167894194, 228.02192877001983, 84.95881355103778, 107.70329614269008, 151.02979838429238, 136.01470508735443, 113.75851616472501, 81.8413098624405, 137.03284277865654, 255.0019607767752, 182.3951753747889, 0.0, 89.10667763978185, 214.03737991294886, 170.4494059831245, 94.76286192385707, 204.08821622033938, 96.13012014972206, 104.10091258005379, 59.20304046246274, 79.40403012442127], [71.78439941937245, 240.97302753627844, 237.06539182259397, 163.2666530556684, 116.66190466471906, 104.65658125507444, 109.11003620199197, 157.74663229368798, 176.69465187152667, 177.867928531256, 217.07602354935472, 153.05554547287727, 98.48857801796105, 84.86459803710851, 69.57010852370435, 151.34397906755325, 152.2957648787385, 131.0953851209111, 275.0890764825096, 195.50959055759898, 89.10667763978185, 0.0, 216.92394980729998, 152.08221460775746, 128.06248474865697, 243.24473272817235, 116.67476162392619, 175.4223474931287, 61.587336360651285, 165.41160781517118], [274.85450696686786, 28.635642126552707, 162.80049139974977, 60.0, 127.1927670899568, 152.26621424334422, 325.7376244771242, 79.62411694957753, 71.58910531638176, 131.2288078129189, 34.785054261852174, 162.85576440519384, 119.54915307102765, 166.93112352104984, 170.85666507338834, 109.11003620199197, 289.9137802864845, 86.03487664894976, 68.60029154456998, 35.77708763999664, 214.03737991294886, 216.92394980729998, 0.0, 71.449282711585, 121.06196760337245, 92.34717104492157, 118.00423721205946, 308.5012155567624, 170.03823099526764, 264.9698096010185], [216.33307652783935, 90.82400563727631, 184.81612483763422, 49.64876634922564, 93.60021367496978, 115.6027681329474, 261.01340961720723, 70.00714249274856, 80.06247560499239, 132.82319074619463, 65.0, 147.98986451781082, 63.34824385884742, 95.4829827770373, 99.86490875177326, 97.09788875150684, 251.6445906432324, 35.22782990761707, 138.68309197591464, 68.00735254367721, 170.4494059831245, 152.08221460775746, 71.449282711585, 0.0, 94.06912352095134, 139.08630414242805, 81.60882305241266, 272.8552729928451, 116.2497311824849, 236.32604596192948], [166.83225107874077, 149.6262009141447, 116.10340218959993, 62.0966987850401, 11.40175425099138, 32.7566787083184, 227.03523955544875, 42.0, 56.753854494650845, 54.74486277268398, 139.86421987055874, 54.644304369257, 52.3450093132096, 131.00381673829202, 122.80065146407001, 23.345235059857504, 168.86088949191284, 59.54829972383762, 160.85397104206038, 88.0, 94.76286192385707, 128.06248474865697, 121.06196760337245, 94.06912352095134, 0.0, 116.82465493208187, 17.11724276862369, 187.7578227398262, 67.17886572427373, 146.15402833996743], [282.4907078117792, 109.41663493271945, 81.6333265278342, 93.637599285757, 127.91403363196706, 147.02720836634285, 343.80372307466365, 87.65842800324451, 68.79680225126747, 84.92938243034621, 127.12985487288185, 125.92855117089213, 150.90394295710104, 223.28905033610582, 221.0701246211256, 93.81364506296512, 263.2299375071156, 128.4445405612866, 69.35416353759881, 72.11102550927978, 204.08821622033938, 243.24473272817235, 92.34717104492157, 139.08630414242805, 116.82465493208187, 0.0, 126.57408897558773, 276.63152387246106, 183.6327857437228, 227.56317804073663], [161.55494421403512, 146.08559134972896, 132.51792331605563, 58.008620049092706, 12.041594578792296, 35.4400902933387, 219.20766409959302, 43.46262762420146, 61.40032573203501, 71.34423592694787, 132.90974381135493, 70.2353187506115, 35.22782990761707, 114.03946685248927, 106.21205204683694, 36.76955262170047, 174.14074767268, 46.400431032480725, 164.34415109762804, 87.66413177577246, 96.13012014972206, 116.67476162392619, 118.00423721205946, 81.60882305241266, 17.11724276862369, 126.57408897558773, 0.0, 194.18032856085088, 57.982756057296896, 155.23530526268823], [124.04031602668546, 337.13053851586926, 217.27632176562636, 249.8259394058191, 183.24027941476186, 158.75137794677562, 175.0028571195339, 228.8864347225497, 239.64139876073165, 192.37463450257678, 326.92047962769175, 152.029602380589, 211.0852908186641, 251.10356429170812, 235.49309968659378, 200.5642041840966, 23.345235059857504, 238.4386713601634, 338.0014792867037, 274.23530042647684, 104.10091258005379, 175.4223474931287, 308.5012155567624, 272.8552729928451, 187.7578227398262, 276.63152387246106, 194.18032856085088, 0.0, 163.0828010551695, 50.0], [105.08092119885512, 196.72569735548024, 176.08236708995025, 111.68258592994702, 55.86591089385369, 43.657759905886145, 161.22654868228122, 101.11874208078342, 119.36498649101419, 116.36150566231085, 178.0028089666003, 94.36630754670864, 53.150729063673246, 94.89467845985885, 81.02468759581859, 90.52071586106685, 140.45995870709916, 86.05230967266364, 221.55134844996994, 143.27944723511465, 59.20304046246274, 61.587336360651285, 170.03823099526764, 116.2497311824849, 67.17886572427373, 183.6327857437228, 57.982756057296896, 163.0828010551695, 0.0, 136.23509092741122], [133.63382805263043, 293.5523803344132, 167.37084572887835, 207.8677464158401, 143.55835050598765, 120.7393887677091, 195.24855953373896, 185.64751546950473, 194.58674158328466, 144.01388821915754, 285.97377502141694, 104.58011283222064, 177.6091213873882, 230.05434140654683, 215.23243250030885, 155.95512174981621, 44.553338819890925, 201.1889659002203, 290.2912330746487, 229.92390045404153, 79.40403012442127, 165.41160781517118, 264.9698096010185, 236.32604596192948, 146.15402833996743, 227.56317804073663, 155.23530526268823, 50.0, 136.23509092741122, 0.0]]}, "order": NaN, "N": 30, "radius": 5, "total": 300, "budget_remain": 164.5156835644804, "R": 40000, "r": [18982.155991132306, 26990.116554045977, 29266.131786108195, 6839.055070905809, 2063.3558417720856, 2557.945669618258, 35762.392061821636, 5878.185532928981, 9291.704998676767, 11979.02868213077, 20861.428631246352, 10104.594529867396, 370.071962068943, 6286.010530444677, 4835.031884066341, 5845.824428837712, 30084.980971066165, 2865.8847900062055, 37889.392540550696, 13143.263902125194, 8318.457564931188, 6783.337557139482, 19121.375552396137, 6876.605251334906, 3082.6485790863912, 26730.272653767715, 1605.3327527372296, 38371.19466097632, 1195.7817679879668, 26978.85264274518], "phi": [181.39069691426846, 184.51941921044852, 183.34872734044595, 184.2374200916668, 183.28885076100624, 182.73504226148458, 181.13259056532075, 183.94863969212608, 183.93584235488063, 183.34830544844542, 184.68103859919745, 182.9555189221192, 184.62784710827583, 186.13106008542078, 180.0279051387144, 183.53196234968175, 182.04120748346298, 184.56132500804233, 184.1915146051158, 184.22637753004958, 182.0380499528325, 180.96085210395913, 184.4391802884269, 184.86435184112895, 183.3859185828173, 183.8396724449899, 183.53794252108077, 182.08205086453782, 181.73871981771825, 182.30222923664994], "x": [1043, 840, 1022, 914, 971, 993, 1039, 938, 936, 996, 838, 1024, 936, 894, 910, 969, 1120, 913, 873, 901, 1039, 975, 866, 877, 971, 941, 959, 1144, 980, 1113], "y": [400, 621, 655, 574, 539, 525, 334, 575, 595, 599, 590, 568, 512, 445, 444, 574, 471, 538, 678, 603, 485, 422, 609, 538, 551, 663, 538, 475, 485, 514], "xy": [[1043, 400], [840, 621], [1022, 655], [914, 574], [971, 539], [993, 525], [1039, 334], [938, 575], [936, 595], [996, 599], [838, 590], [1024, 568], [936, 512], [894, 445], [910, 444], [969, 574], [1120, 471], [913, 538], [873, 678], [901, 603], [1039, 485], [975, 422], [866, 609], [877, 538], [971, 551], [941, 663], [959, 538], [1144, 475], [980, 485], [1113, 514]], "city_start": [1043, 400], "distance": [[0.0, 301.0664378505183, 255.69708641280997, 216.76023620581336, 156.54072952429985, 135.4843164355196, 66.57326790837296, 205.00975586542216, 222.46348014898985, 204.47493733951845, 280.40149785619906, 169.03549923019128, 156.01602481796542, 156.60459763365824, 141.35416513141735, 189.02909828912584, 103.75451797391764, 189.7