[[{"N": 11, "radius": 10, "total": 200, "budget_remain": 200, "R": 22500, "r": [13784.059999031788, 2299.649984875316, 21127.87640064637, 10335.978305080189, 4803.630506195696, 3089.265810685118, 21183.29124293288, 11688.785844588867, 19228.106834428578, 7151.3682566247, 15883.818168772817], "phi": [1.8446188923738382, 4.176190374003056, 3.323988690216789, 4.71686702578464, 0.05622558405150966, 3.3302763796355435, 5.703883553975319, 3.157849028488754, 2.7437185836268076, 3.5618367284468526, 6.047424524096673], "x": [-31, -24, -142, 0, 69, -54, 121, -108, -127, -77, 122], "y": [113, -41, -26, -101, 3, -10, -79, -1, 53, -34, -29], "xy": [[-31, 113], [-24, -41], [-142, -26], [0, -101], [69, 3], [-54, -10], [121, -79], [-108, -1], [-127, 53], [-77, -34], [122, -29]], "city_start": [-31, 113], "distance": [[0.0, 154.1590088188167, 177.88198334851114, 216.23366990364843, 148.66068747318505, 125.13193037750197, 244.88364584022347, 137.56816492197603, 113.20777358467925, 154.02921800749363, 208.7414668914636], [154.1590088188167, 0.0, 118.94956914591998, 64.62197768561404, 102.88342918079665, 43.139309220245984, 149.8966310495336, 93.03762679690406, 139.44532978913278, 53.46026561849464, 146.4923206178399], [177.88198334851114, 118.94956914591998, 0.0, 160.58953888718904, 212.98356744124652, 89.44271909999159, 268.28715958837836, 42.20189569201838, 80.4114419718985, 65.49045732013177, 264.0170449043016], [216.23366990364843, 64.62197768561404, 160.58953888718904, 0.0, 124.80785231707178, 105.8158778255891, 122.98373876248843, 147.18695594379278, 199.6121238802894, 102.06860437960343, 141.66156853571826], [148.66068747318505, 102.88342918079665, 212.98356744124652, 124.80785231707178, 0.0, 123.68508398347798, 97.09788875150684, 177.04519197086375, 202.27703774773843, 150.6154042586614, 61.91122676865643], [125.13193037750197, 43.139309220245984, 89.44271909999159, 105.8158778255891, 123.68508398347798, 0.0, 188.1116689628796, 54.74486277268398, 96.42613753542138, 33.24154027718932, 177.02259742756007], [244.88364584022347, 149.8966310495336, 268.28715958837836, 122.98373876248843, 97.09788875150684, 188.1116689628796, 0.0, 241.91940806805889, 280.941275002446, 203.0492551082126, 50.00999900019995], [137.56816492197603, 93.03762679690406, 42.20189569201838, 147.18695594379278, 177.04519197086375, 54.74486277268398, 241.91940806805889, 0.0, 57.245087125446844, 45.27692569068709, 231.69807940507405], [113.20777358467925, 139.44532978913278, 80.4114419718985, 199.6121238802894, 202.27703774773843, 96.42613753542138, 280.941275002446, 57.245087125446844, 0.0, 100.34440691936945, 262.15453457836657], [154.02921800749363, 53.46026561849464, 65.49045732013177, 102.06860437960343, 150.6154042586614, 33.24154027718932, 203.0492551082126, 45.27692569068709, 100.34440691936945, 0.0, 199.0628041598932], [208.7414668914636, 146.4923206178399, 264.0170449043016, 141.66156853571826, 61.91122676865643, 177.02259742756007, 50.00999900019995, 231.69807940507405, 262.15453457836657, 199.0628041598932, 0.0]]}, {"N": 11, "radius": 10, "total": 350, "budget_remain": 350, "R": 22500, "r": [9047.766446088075, 10563.45288396207, 22028.656790415414, 393.1572189185331, 8162.378380356171, 12557.725354284461, 14898.274638098761, 13735.848918557316, 11622.275953577393, 19786.856419718108, 5756.581488715718], "phi": [5.512460374852133, 1.2007566114521255, 0.7792954583878448, 5.449675942437034, 0.8116035574438895, 3.507804801346528, 3.0611252551415773, 1.0757607732994168, 5.007197611613426, 2.8865706009931418, 1.156819440706842], "x": [68, 37, 105, 13, 62, -104, -121, 55, 31, -136, 30], "y": [-66, 95, 104, -14, 65, -40, 9, 103, -103, 35, 69], "xy": [[68, -66], [37, 95], [105, 104], [13, -14], [62, 65], [-104, -40], [-121, 9], [55, 103], [31, -103], [-136, 35], [30, 69]], "city_start": [68, -66], "distance": [[0.0, 163.95731151735808, 173.9798838946618, 75.69015788066504, 131.13733259449805, 173.95401691251627, 203.33715843396652, 169.49926253526885, 52.32590180780452, 227.6334773270399, 140.24621207005913], [163.95731151735808, 0.0, 68.59300255857006, 111.61093136427094, 39.05124837953327, 195.20758181996928, 179.88885457415086, 19.697715603592208, 198.09088823063013, 183.10925700247927, 26.92582403567252], [173.9798838946618, 68.59300255857006, 0.0, 149.6262009141447, 58.05170109479997, 253.80504329110562, 245.1550529766825, 50.00999900019995, 219.82947936980608, 250.68306683938587, 82.76472678623425], [75.69015788066504, 111.61093136427094, 149.6262009141447, 0.0, 92.9623579735368, 119.85407794480753, 135.95955280891445, 124.31009613060397, 90.80198235721508, 156.85024705112835, 84.72307831990054], [131.13733259449805, 39.05124837953327, 58.05170109479997, 92.9623579735368, 0.0, 196.42046736529267, 191.3765920900464, 38.63935817272331, 170.83617883809038, 200.25983121934362, 32.2490309931942], [173.95401691251627, 195.20758181996928, 253.80504329110562, 119.85407794480753, 196.42046736529267, 0.0, 51.86520991955976, 213.84573879317773, 148.97650821522163, 81.54140052758476, 172.73389939441535], [203.33715843396652, 179.88885457415086, 245.1550529766825, 135.95955280891445, 191.3765920900464, 51.86520991955976, 0.0, 199.52944644838766, 188.80677953929515, 30.01666203960727, 162.48384535085327], [169.49926253526885, 19.697715603592208, 50.00999900019995, 124.31009613060397, 38.63935817272331, 213.84573879317773, 199.52944644838766, 0.0, 207.39334608419819, 202.74368054269902, 42.20189569201838], [52.32590180780452, 198.09088823063013, 219.82947936980608, 90.80198235721508, 170.83617883809038, 148.97650821522163, 188.80677953929515, 207.39334608419819, 0.0, 216.640254800441, 172.00290695217916], [227.6334773270399, 183.10925700247927, 250.68306683938587, 156.85024705112835, 200.25983121934362, 81.54140052758476, 30.01666203960727, 202.74368054269902, 216.640254800441, 0.0, 169.44615663980107], [140.24621207005913, 26.92582403567252, 82.76472678623425, 84.72307831990054, 32.2490309931942, 172.73389939441535, 162.48384535085327, 42.20189569201838, 172.00290695217916, 169.44615663980107, 0.0]]}, {"N": 11, "radius": 10, "total": 500, "budget_remain": 500, "R": 22500, "r": [9338.730150387515, 20145.936567591576, 20244.91894936115, 4545.457295892877, 15465.515657912632, 14889.704013990078, 14642.327886731226, 8013.879247526161, 15498.708199400315, 6785.384544397705, 703.8344293526508], "phi": [3.899913615098336, 3.8514833514200273, 4.85929694008969, 0.38559963306518075, 3.8108625315790885, 2.6731249009624545, 2.426960413632034, 0.9017480357448102, 4.7964317493162145, 1.03665989609259, 6.127644934074645], "x": [-70, -107, 20, 62, -97, -108, -91, 55, 10, 41, 26], "y": [-66, -92, -140, 25, -77, 55, 79, 70, -124, 70, -4], "xy": [[-70, -66], [-107, -92], [20, -140], [62, 25], [-97, -77], [-108, 55], [-91, 79], [55, 70], [10, -124], [41, 70], [26, -4]], "city_start": [-70, -66], "distance": [[0.0, 45.221676218380054, 116.51609330903607, 160.3277892319357, 29.154759474226502, 126.82665335015349, 146.5127980757995, 184.7187050625897, 98.812954616285, 175.54771431152272, 114.28035701729323], [45.221676218380054, 0.0, 135.76818478568535, 205.54804791094466, 18.027756377319946, 147.00340132119393, 171.74690681348528, 229.1025971044414, 121.29715577869086, 219.42652528807906, 159.47727110782904], [116.51609330903607, 135.76818478568535, 0.0, 170.26156348395253, 132.8834075421006, 233.25736858671797, 245.52392958732148, 212.8966885604377, 18.867962264113206, 211.0473880435387, 136.13228860193308], [160.3277892319357, 205.54804791094466, 170.26156348395253, 0.0, 188.904737897174, 172.6267650163207, 162.24980739587951, 45.5411901469428, 157.8131806916013, 49.658836071740545, 46.22769732530488], [29.154759474226502, 18.027756377319946, 132.8834075421006, 188.904737897174, 0.0, 132.45754036671525, 156.11534197509224, 211.45448682872635, 116.86744627996283, 201.62589119455865, 143.0314650697531], [126.82665335015349, 147.00340132119393, 233.25736858671797, 172.6267650163207, 132.45754036671525, 0.0, 29.410882339705484, 163.68872899500442, 214.39449619801343, 149.75313018431368, 146.4137971640651], [146.5127980757995, 171.74690681348528, 245.52392958732148, 162.24980739587951, 156.11534197509224, 29.410882339705484, 0.0, 146.27713423498562, 226.73773395709856, 132.30646242719968, 143.45033983926285], [184.7187050625897, 229.1025971044414, 212.8966885604377, 45.5411901469428, 211.45448682872635, 163.68872899500442, 146.27713423498562, 0.0, 199.15069670980316, 14.0, 79.47955712005447], [98.812954616285, 121.29715577869086, 18.867962264113206, 157.8131806916013, 116.86744627996283, 214.39449619801343, 226.73773395709856, 199.15069670980316, 0.0, 196.46119209655632, 121.06196760337245], [175.54771431152272, 219.42652528807906, 211.0473880435387, 49.658836071740545, 201.62589119455865, 149.75313018431368, 132.30646242719968, 14.0, 196.46119209655632, 0.0, 75.50496672405067], [114.28035701729323, 159.47727110782904, 136.13228860193308, 46.22769732530488, 143.0314650697531, 146.4137971640651, 143.45033983926285, 79.47955712005447, 121.06196760337245, 75.50496672405067, 0.0]]}, {"N": 11, "radius": 10, "total": 200, "budget_remain": 200, "R": 22500, "r": [361.61575199338296, 6841.150842143674, 4753.906048032738, 5639.772044724563, 14816.33320247128, 20809.734286735165, 2291.035380501502, 8277.832105745822, 19431.030948163956, 12795.094585778363, 10809.321903950631], "phi": [0.5794062737644259, 4.730934799129452, 3.9564456113478994, 3.7613365821544633, 0.5509294506160718, 1.2066840100531135, 2.50535842693381, 3.1041160470796503, 1.4864947101977048, 0.9036417236993535, 2.476772902056385], "x": [15, 1, -47, -61, 103, 51, -38, -90, 11, 69, -81], "y": [10, -82, -50, -43, 63, 134, 28, 3, 138, 88, 64], "xy": [[15, 10], [1, -82], [-47, -50], [-61, -43], [103, 63], [51, 134], [-38, 28], [-90, 3], [11, 138], [69, 88], [-81, 64]], "city_start": [15, 10], "distance": [[0.0, 93.05912099305473, 86.27861844049197, 92.65527507918802, 102.7277956543408, 129.1200991325518, 55.97320787662612, 105.23307464861035, 128.06248474865697, 94.86832980505137, 110.14535850411491], [93.05912099305473, 0.0, 57.688820407423826, 73.24616030891995, 177.28226081590904, 221.71152428324515, 116.70903992407786, 124.52309022827855, 220.22715545545242, 183.09560344257315, 167.45148551147582], [86.27861844049197, 57.688820407423826, 0.0, 15.652475842498529, 187.8004259846074, 208.47062143141417, 78.5175139698144, 68.24954212300622, 196.74348782107123, 180.27756377319946, 118.96217886370441], [92.65527507918802, 73.24616030891995, 15.652475842498529, 0.0, 195.27416623813812, 209.45882650296693, 74.63243262818116, 54.378304497290095, 194.79476378999513, 184.55622449540954, 108.85311203635843], [102.7277956543408, 177.28226081590904, 187.8004259846074, 195.27416623813812, 0.0, 88.0056816347672, 145.27904184706065, 202.11135544545735, 118.69709347747316, 42.20189569201838, 184.00271737123884], [129.1200991325518, 221.71152428324515, 208.47062143141417, 209.45882650296693, 88.0056816347672, 0.0, 138.4088147481944, 192.46298345396187, 40.19950248448356, 49.39635614091387, 149.41218156495808], [55.97320787662612, 116.70903992407786, 78.5175139698144, 74.63243262818116, 145.27904184706065, 138.4088147481944, 0.0, 57.697486947006624, 120.42009799032718, 122.67436570041843, 56.08029957123981], [105.23307464861035, 124.52309022827855, 68.24954212300622, 54.378304497290095, 202.11135544545735, 192.46298345396187, 57.697486947006624, 0.0, 168.6001186239203, 180.29420401111068, 61.66036003787198], [128.06248474865697, 220.22715545545242, 196.74348782107123, 194.79476378999513, 118.69709347747316, 40.19950248448356, 120.42009799032718, 168.6001186239203, 0.0, 76.57675887630658, 118.06777714516353], [94.86832980505137, 183.09560344257315, 180.27756377319946, 184.55622449540954, 42.20189569201838, 49.39635614091387, 122.67436570041843, 180.29420401111068, 76.57675887630658, 0.0, 151.90786681406595], [110.14535850411491, 167.45148551147582, 118.96217886370441, 108.85311203635843, 184.00271737123884, 149.41218156495808, 56.08029957123981, 61.66036003787198, 118.06777714516353, 151.90786681406595, 0.0]]}, {"N": 11, "radius": 10, "total": 350, "budget_remain": 350, "R": 22500, "r": [773.2074413329842, 11673.176165121666, 15766.641389694589, 11369.284790146414, 10094.624976745357, 4480.290099439531, 13750.739365862126, 15096.979738043883, 2091.164560461669, 22169.42361407146, 5686.601532104697], "phi": [0.033245361184381886, 2.7246375966138965, 0.47790399181675147, 5.077030119326034, 5.5960837517425555, 3.05361822012883, 1.5330678411907894, 4.50273468994063, 0.9475916972073718, 5.496448856677685, 5.041852277631566], "x": [27, -98, 111, 38, 77, -66, 4, -25, 26, 105, 24], "y": [0, 43, 57, -99, -63, 5, 117, -120, 37, -105, -71], "xy": [[27, 0], [-98, 43], [111, 57], [38, -99], [77, -63], [-66, 5], [4, 117], [-25, -120], [26, 37], [105, -105], [24, -71]], "city_start": [27, 0], "distance": [[0.0, 132.18925826253812, 101.51354589413178, 99.60923651951158, 80.43009387039157, 93.13431161500041, 119.23925528113634, 130.78226179417453, 37.013511046643494, 130.80137613954986, 71.06335201775947], [132.18925826253812, 0.0, 209.46837470128995, 196.6214637317096, 204.59960899278374, 49.678969393496885, 126.01587201618692, 178.60011198204776, 124.14507642270796, 251.22300850041583, 166.97305171793442], [101.51354589413178, 209.46837470128995, 0.0, 172.23530416264836, 124.72369462135092, 184.48035125725448, 122.67436570041843, 223.21514285549716, 87.32124598286491, 162.11107303327555, 154.76756766196203], [99.60923651951158, 196.6214637317096, 172.23530416264836, 0.0, 53.075418038862395, 147.07821048680188, 218.65955272980872, 66.40783086353596, 136.5283853270081, 67.26812023536856, 31.304951684997057], [80.43009387039157, 204.59960899278374, 124.72369462135092, 53.075418038862395, 0.0, 158.3445610054226, 194.23954283306992, 116.84605256490268, 112.25417586887359, 50.47771785649585, 53.600373133029585], [93.13431161500041, 49.678969393496885, 184.48035125725448, 147.07821048680188, 158.3445610054226, 0.0, 132.07573584879245, 131.55227098001768, 97.40636529508737, 203.32486321156102, 117.79643458101778], [119.23925528113634, 126.01587201618692, 122.67436570041843, 218.65955272980872, 194.23954283306992, 132.07573584879245, 0.0, 238.76766950322232, 82.96987405076617, 243.89546941261537, 189.06083676954358], [130.78226179417453, 178.60011198204776, 223.21514285549716, 66.40783086353596, 116.84605256490268, 131.55227098001768, 238.76766950322232, 0.0, 165.07574019219177, 130.86252328302402, 69.29646455628166], [37.013511046643494, 124.14507642270796, 87.32124598286491, 136.5283853270081, 112.25417586887359, 97.40636529508737, 82.96987405076617, 165.07574019219177, 0.0, 162.49615380063616, 108.01851693112621], [130.80137613954986, 251.22300850041583, 162.11107303327555, 67.26812023536856, 50.47771785649585, 203.32486321156102, 243.89546941261537, 130.86252328302402, 162.49615380063616, 0.0, 87.84645695758026], [71.06335201775947, 166.97305171793442, 154.76756766196203, 31.304951684997057, 53.600373133029585, 117.79643458101778, 189.06083676954358, 69.29646455628166, 108.01851693112621, 87.84645695758026, 0.0]]}, {"N": 11, "radius": 10, "total": 500, "budget_remain": 500, "R": 22500, "r": [15237.840332561469, 16923.335156961173, 1570.6757882124184, 9998.575985750467, 19641.55195359198, 9593.36448060617, 21972.53857070926, 21287.72698250077, 16702.530009252245, 11980.988386816718, 4325.375153803284], "phi": [5.506054294372706, 0.4965138118571479, 3.2723743437515127, 1.900949300245034, 4.5334881106573786, 1.6651402759699079, 0.8325503100573173, 5.9640573103556305, 2.442709098771092, 5.816460628308855, 1.0791059489824315], "x": [88, 114, -39, -32, -24, -9, 99, 138, -98, 97, 31], "y": [-86, 61, -5, 94, -137, 97, 109, -45, 83, -49, 57], "xy": [[88, -86], [114, 61], [-39, -5], [-32, 94], [-24, -137], [-9, 97], [99, 109], [138, -45], [-98, 83], [97, -49], [31, 57]], "city_start": [88, -86], "distance": [[0.0, 149.2816130673835, 150.63200191194434, 216.33307652783935, 123.06502346320826, 207.1183236703117, 195.31000998412753, 64.66065264130884, 251.3105648396024, 38.07886552931954, 153.9415473483361], [149.2816130673835, 0.0, 166.6283289239858, 149.68299836654796, 241.3462243334252, 128.16005617976296, 50.28916384272063, 108.6830253535482, 213.13845265460665, 111.30588483993108, 83.09632964216891], [150.63200191194434, 166.6283289239858, 0.0, 99.24716620639605, 132.84953895290718, 106.3202708800161, 178.99720668211557, 181.46349495146399, 105.94810050208545, 142.9405470816451, 93.50935782048768], [216.33307652783935, 149.68299836654796, 99.24716620639605, 0.0, 231.1384866265244, 23.194827009486403, 131.85598204101322, 219.59280498231266, 66.91038783328041, 192.5876423865249, 73.06161783043132], [123.06502346320826, 241.3462243334252, 132.84953895290718, 231.1384866265244, 0.0, 234.48027635602958, 275.0363612324741, 186.30083198955393, 232.1120419107979, 149.61617559608987, 201.64572894063488], [207.1183236703117, 128.16005617976296, 106.3202708800161, 23.194827009486403, 234.48027635602958, 0.0, 108.664621657649, 204.38444167793205, 90.09439494219383, 180.42172818150257, 56.568542494923804], [195.31000998412753, 50.28916384272063, 178.99720668211557, 131.85598204101322, 275.0363612324741, 108.664621657649, 0.0, 158.86157496386593, 198.70832896484234, 158.01265772082945, 85.60373823613078], [64.66065264130884, 108.6830253535482, 181.46349495146399, 219.59280498231266, 186.30083198955393, 204.38444167793205, 158.86157496386593, 0.0, 268.47718711279737, 41.19465984809196, 147.82760229402356], [251.3105648396024, 213.13845265460665, 105.94810050208545, 66.91038783328041, 232.1120419107979, 90.09439494219383, 198.70832896484234, 268.47718711279737, 0.0, 235.47611343828487, 131.59407281484982], [38.07886552931954, 111.30588483993108, 142.9405470816451, 192.5876423865249, 149.61617559608987, 180.42172818150257, 158.01265772082945, 41.19465984809196, 235.47611343828487, 0.0, 124.86793023030373], [153.9415473483361, 83.09632964216891, 93.50935782048768, 73.06161783043132, 201.64572894063488, 56.568542494923804, 85.60373823613078, 147.82760229402356, 131.59407281484982, 124.86793023030373, 0.0]]}, {"N": 11, "radius": 10, "total": 200, "budget_remain": 200, "R": 22500, "r": [20512.346600396224, 10884.922027582032, 20795.957471788013, 7781.235034412865, 18649.39515944819, 10792.327417218898, 3771.235436047632, 19952.41778078973, 10172.686291586111, 16480.308760157273, 14101.50981199708], "phi": [0.8453850945676599, 1.1516361842986278, 5.806690834305017, 5.811301689415476, 1.4988747350014466, 0.6572257500554546, 2.1642590320139385, 1.2518101427022053, 4.992688140648494, 3.0553218898351866, 2.293480369182897], "x": [95, 42, 128, 78, 9, 82, -34, 44, 27, -127, -78], "y": [107, 95, -66, -40, 136, 63, 50, 134, -96, 11, 89], "xy": [[95, 107], [42, 95], [128, -66], [78, -40], [9, 136], [82, 63], [-34, 50], [44, 134], [27, -96], [-127, 11], [-78, 89]], "city_start": [95, 107], "distance": [[0.0, 54.3415126767741, 176.11927776367924, 147.97972834141845, 90.75791976461338, 45.880278987817846, 141.0319112825179, 57.706152185014034, 214.0864311440592, 241.8677324489565, 173.93389548906217], [54.3415126767741, 0.0, 182.52944967867515, 139.71757226634023, 52.630789467763066, 51.22499389946279, 88.32326986700618, 39.05124837953327, 191.58809983921236, 188.7246671741667, 120.14990636700472], [176.11927776367924, 182.52944967867515, 0.0, 56.356011214421486, 234.44615586526473, 136.95619737711763, 199.24858845171275, 216.92394980729998, 105.3612832116238, 266.3719204420766, 257.8003103178893], [147.97972834141845, 139.71757226634023, 56.356011214421486, 0.0, 189.04232330353963, 103.07764064044152, 143.68020044529447, 177.29072169744248, 75.7429864739964, 211.24866863485792, 202.42776489404807], [90.75791976461338, 52.630789467763066, 234.44615586526473, 189.04232330353963, 0.0, 103.23759005323593, 96.15092303249095, 35.05709628591621, 232.6972281742952, 184.7187050625897, 98.88377015466189], [45.880278987817846, 51.22499389946279, 136.95619737711763, 103.07764064044152, 103.23759005323593, 0.0, 116.72617529928752, 80.52949770115296, 168.24387061643583, 215.37177159507232, 162.09873534361705], [141.0319112825179, 88.32326986700618, 199.24858845171275, 143.68020044529447, 96.15092303249095, 116.72617529928752, 0.0, 114.6298390472568, 158.2308440222702, 100.84641788382967, 58.7962583843564], [57.706152185014034, 39.05124837953327, 216.92394980729998, 177.29072169744248, 35.05709628591621, 80.52949770115296, 114.6298390472568, 0.0, 230.62740513651016, 210.6418761785035, 130.034610777285], [214.0864311440592, 191.58809983921236, 105.3612832116238, 75.7429864739964, 232.6972281742952, 168.24387061643583, 158.2308440222702, 230.62740513651016, 0.0, 187.52333188166213, 212.72047386182646], [241.8677324489565, 188.7246671741667, 266.3719204420766, 211.24866863485792, 184.7187050625897, 215.37177159507232, 100.84641788382967, 210.6418761785035, 187.52333188166213, 0.0, 92.11405973031478], [173.93389548906217, 120.14990636700472, 257.8003103178893, 202.42776489404807, 98.88377015466189, 162.09873534361705, 58.7962583843564, 130.034610777285, 212.72047386182646, 92.11405973031478, 0.0]]}, {"N": 11, "radius": 10, "total": 350, "budget_remain": 350, "R": 22500, "r": [17.016160574604978, 19978.09145911502, 12223.812019519128, 2797.4307128357455, 10439.621909313937, 1825.0390081515295, 4464.424398568529, 10376.497695883463, 2561.7153620625227, 561.2217622382759, 3970.5440898573875], "phi": [2.663381435950384, 2.588774255779221, 2.44200250550242, 5.278683969168756, 5.879679957439652, 1.036774159273118, 5.9073504721583605, 4.818147428901299, 4.256692817215556, 1.799244800311968, 3.6637131830340084], "x": [-3, -120, -84, 28, 93, 21, 62, 10, -22, -5, -54], "y": [1, 74, 71, -44, -40, 36, -24, -101, -45, 23, -31], "xy": [[-3, 1], [-120, 74], [-84, 71], [28, -44], [93, -40], [21, 36], [62, -24], [10, -101], [-22, -45], [-5, 23], [-54, -31]], "city_start": [-3, 1], "distance": [[0.0, 137.90576492663388, 107.05606008068857, 54.644304369257, 104.38869670610895, 42.43819034784589, 69.6419413859206, 102.82509421342633, 49.76946855251722, 22.090722034374522, 60.207972893961475], [137.90576492663388, 0.0, 36.124783736376884, 189.2828571212935, 241.5884931034589, 146.03081866510234, 206.7075228432676, 218.0022935659164, 154.1590088188167, 125.80143083447024, 124.02015965156633], [107.05606008068857, 36.124783736376884, 0.0, 160.52725625263767, 208.92582415776178, 110.67971810589327, 174.1866814656046, 196.01020381602586, 131.52946437965906, 92.43916918709297, 106.3202708800161], [54.644304369257, 189.2828571212935, 160.52725625263767, 0.0, 65.12296062065974, 80.30566605165541, 39.44616584663204, 59.77457653551382, 50.00999900019995, 74.68600939935136, 83.02409288875127], [104.38869670610895, 241.5884931034589, 208.92582415776178, 65.12296062065974, 0.0, 104.6900186264192, 34.88552708502482, 103.00485425454472, 115.10864433221339, 116.50321883965266, 147.27525250360293], [42.43819034784589, 146.03081866510234, 110.67971810589327, 80.30566605165541, 104.6900186264192, 0.0, 72.67048919609665, 137.44089638822936, 91.706052144883, 29.068883707497267, 100.56838469419701], [69.6419413859206, 206.7075228432676, 174.1866814656046, 39.44616584663204, 34.88552708502482, 72.67048919609665, 0.0, 92.91393867445294, 86.58521813797087, 81.8413098624405, 116.21101496846157], [102.82509421342633, 218.0022935659164, 196.01020381602586, 59.77457653551382, 103.00485425454472, 137.44089638822936, 92.91393867445294, 0.0, 64.4980619863884, 124.90396310766124, 94.847245611035], [49.76946855251722, 154.1590088188167, 131.52946437965906, 50.00999900019995, 115.10864433221339, 91.706052144883, 86.58521813797087, 64.4980619863884, 0.0, 70.09279563550022, 34.92849839314596], [22.090722034374522, 125.80143083447024, 92.43916918709297, 74.68600939935136, 116.50321883965266, 29.068883707497267, 81.8413098624405, 124.90396310766124, 70.09279563550022, 0.0, 72.91776189653656], [60.207972893961475, 124.02015965156633, 106.3202708800161, 83.02409288875127, 147.27525250360293, 100.56838469419701, 116.21101496846157, 94.847245611035, 34.92849839314596, 72.91776189653656, 0.0]]}, {"N": 11, "radius": 10, "total": 500, "budget_remain": 500, "R": 22500, "r": [12253.827868665327, 16561.745030857885, 13497.425155163997, 10313.187443553932, 6263.802670622804, 21300.84868787539, 22182.021526482753, 16250.646807691826, 15898.24568107711, 15495.477751542061, 3600.498103674947], "phi": [5.296806814284259, 5.566981752898188, 1.2293694566479685, 3.1885704273538162, 2.0044455265162093, 5.429918728006225, 2.8794202550786427, 5.256046179045468, 1.9957128278243323, 0.025948756189866515, 2.993349123745265], "x": [61, 97, 38, -101, -33, 95, -143, 65, -51, 124, -59], "y": [-92, -84, 109, -4, 71, -109, 38, -109, 114, 3, 8], "xy": [[61, -92], [97, -84], [38, 109], [-101, -4], [-33, 71], [95, -109], [-143, 38], [65, -109], [-51, 114], [124, 3], [-59, 8]], "city_start": [61, -92], "distance": [[0.0, 36.87817782917155, 202.3116407921205, 184.35834670553976, 188.16216410320115, 38.01315561749642, 241.9008061168875, 17.46424919657298, 234.47814397081873, 113.99122773266372, 156.20499351813308], [36.87817782917155, 0.0, 201.81674856165927, 213.55093069335942, 202.2992832414391, 25.079872407968907, 269.2285274631944, 40.607881008493905, 247.20032362438363, 91.09335870413386, 181.10770276274835], [202.3116407921205, 201.81674856165927, 0.0, 179.13681921927719, 80.52949770115296, 225.32864886649455, 194.42736432920137, 219.66565503054863, 89.1403387922662, 136.49908424601244, 140.03570973148243], [184.35834670553976, 213.55093069335942, 179.13681921927719, 0.0, 101.23734488813898, 222.35332243976026, 59.39696961966999, 196.42046736529267, 128.15615474880636, 225.10886255321003, 43.68065933568311], [188.16216410320115, 202.2992832414391, 80.52949770115296, 101.23734488813898, 0.0, 220.87100307645636, 114.84337159801605, 204.94877408757534, 46.61544808322666, 171.09354166653983, 68.15423684555495], [38.01315561749642, 25.079872407968907, 225.32864886649455, 222.35332243976026, 220.87100307645636, 0.0, 279.7373768376332, 30.0, 266.54267950930483, 115.69356075426151, 193.40372281835735], [241.9008061168875, 269.2285274631944, 194.42736432920137, 59.39696961966999, 114.84337159801605, 279.7373768376332, 0.0, 254.70178640912593, 119.33147112141039, 269.2842364491468, 89.19641248391103], [17.46424919657298, 40.607881008493905, 219.66565503054863, 196.42046736529267, 204.94877408757534, 30.0, 254.70178640912593, 0.0, 251.3662666309861, 126.58988901172162, 170.48460341039598], [234.47814397081873, 247.20032362438363, 89.1403387922662, 128.15615474880636, 46.61544808322666, 266.54267950930483, 119.33147112141039, 251.3662666309861, 0.0, 207.23416706711276, 106.30145812734649], [113.99122773266372, 91.09335870413386, 136.49908424601244, 225.10886255321003, 171.09354166653983, 115.69356075426151, 269.2842364491468, 126.58988901172162, 207.23416706711276, 0.0, 183.06829326784035], [156.20499351813308, 181.10770276274835, 140.03570973148243, 43.68065933568311, 68.15423684555495, 193.40372281835735, 89.19641248391103, 170.48460341039598, 106.30145812734649, 183.06829326784035, 0.0]]}, {"N": 11, "radius": 10, "total": 200, "budget_remain": 200, "R": 22500, "r": [12268.111803833823, 7652.033495942384, 9177.585648227954, 8798.181049357425, 10988.970479176269, 971.2896785424272, 12564.265053751864, 19186.91779946285, 19414.672304913594, 7803.923247552759, 13086.605531725074], "phi": [6.117120957764268, 0.6045370748229268, 3.768303023757912, 2.0745610948944844, 2.216349307939366, 0.6243493410841692, 1.9416201697216247, 2.0346291138058596, 5.99520053588412, 5.049376877128596, 3.7136768993963956], "x": [109, 71, -77, -45, -63, 25, -40, -61, 133, 29, -96], "y": [-18, 49, -56, 82, 83, 18, 104, 123, -39, -83, -61], "xy": [[109, -18], [71, 49], [-77, -56], [-45, 82], [-63, 83], [25, 18], [-40, 104], [-61, 123], [133, -39], [29, -83], [-96, -61]], "city_start": [109, -18], "distance": [[0.0, 77.02596964660685, 189.84203960134857, 183.61917111238685, 199.46177578674065, 91.3892772703669, 192.57466084612483, 220.86421167767313, 31.89043743820395, 103.07764064044152, 209.4612135933524], [77.02596964660685, 0.0, 181.46349495146399, 120.60265337047937, 138.24615727028365, 55.47071299343465, 123.8789731956154, 151.32745950421557, 107.64757312638311, 138.52075656738234, 199.972498109115], [189.84203960134857, 181.46349495146399, 0.0, 141.66156853571826, 139.70325694127536, 126.01587201618692, 164.2224101637776, 179.71366113904642, 210.68697159530296, 109.38464243210744, 19.6468827043885], [183.61917111238685, 120.60265337047937, 141.66156853571826, 0.0, 18.027756377319946, 94.847245611035, 22.561028345356956, 44.01136216933077, 215.23243250030885, 180.83417818543043, 151.82226450688975], [199.46177578674065, 138.24615727028365, 139.70325694127536, 18.027756377319946, 0.0, 109.40292500660117, 31.144823004794873, 40.049968789001575, 230.8679276123039, 189.7893569197177, 147.73286702694156], [91.3892772703669, 55.47071299343465, 126.01587201618692, 94.847245611035, 109.40292500660117, 0.0, 107.80074211247342, 135.72398461583714, 122.11879462228572, 101.07917688624102, 144.5060552364502], [192.57466084612483, 123.8789731956154, 164.2224101637776, 22.561028345356956, 31.144823004794873, 107.80074211247342, 0.0, 28.319604517012593, 224.4504399639261, 199.32385707686876, 174.24408167854654], [220.86421167767313, 151.32745950421557, 179.71366113904642, 44.01136216933077, 40.049968789001575, 135.72398461583714, 28.319604517012593, 0.0, 252.74493071078598, 224.80213522117623, 187.29922583929704], [31.89043743820395, 107.64757312638311, 210.68697159530296, 215.23243250030885, 230.8679276123039, 122.11879462228572, 224.4504399639261, 252.74493071078598, 0.0, 112.92475370794483, 230.05434140654683], [103.07764064044152, 138.52075656738234, 109.38464243210744, 180.83417818543043, 189.7893569197177, 101.07917688624102, 199.32385707686876, 224.80213522117623, 112.92475370794483, 0.0, 126.92123541787639], [209.4612135933524, 199.972498109115, 19.6468827043885, 151.82226450688975, 147.73286702694156, 144.5060552364502, 174.24408167854654, 187.29922583929704, 230.05434140654683, 126.92123541787639, 0.0]]}, {"N": 11, "radius": 10, "total": 350, "budget_remain": 350, "R": 22500, "r": [16730.52377921285, 4536.825365343147, 12429.35996723442, 9484.112522579446, 22438.10162014159, 7556.975323324466, 14891.63412202201, 13886.731989651125, 18387.803235986576, 7629.755525426757, 14834.00519220811], "phi": [1.745767963967446, 3.575946820894464, 3.804521289575507, 4.182969407656134, 4.062014343408461, 5.686320323264198, 3.7188456647485606, 0.03367779453114551, 4.221483639930329, 5.0843418519808115, 3.8429054542348093], "x": [-22, -61, -87, -49, -90, 71, -102, 117, -63, 31, -93], "y": [127, -28, -68, -84, -119, -48, -66, 3, -119, -81, -78], "xy": [[-22, 127], [-61, -28], [-87, -68], [-49, -84], [-90, -119], [71, -48], [-102, -66], [117, 3], [-63, -119], [31, -81], [-93, -78]], "city_start": [-22, 127], "distance": [[0.0, 159.8311609167624, 205.54804791094466, 212.72047386182646, 255.22539058643832, 198.17668884104407, 208.92343095019285, 186.27130750601393, 249.39326374222702, 214.64622055838765, 216.9469981354893], [159.8311609167624, 0.0, 47.70744176750625, 57.271284253105414, 95.50916186418976, 133.5065541462291, 55.90169943749474, 180.6792738528689, 91.02197536858887, 106.17438485811914, 59.36328831862332], [205.54804791094466, 47.70744176750625, 0.0, 41.23105625617661, 51.088159097779204, 159.26079241294764, 15.132745950421556, 216.00231480241132, 56.36488268416781, 118.71394189394942, 11.661903789690601], [212.72047386182646, 57.271284253105414, 41.23105625617661, 0.0, 53.907327887774215, 125.2836781069266, 55.97320787662612, 187.41664813991312, 37.69615364994153, 80.05623023850174, 44.40720662234904], [255.22539058643832, 95.50916186418976, 51.088159097779204, 53.907327887774215, 0.0, 175.96022277776305, 54.3415126767741, 240.2769235694514, 27.0, 126.82665335015349, 41.10960958218893], [198.17668884104407, 133.5065541462291, 159.26079241294764, 125.2836781069266, 175.96022277776305, 0.0, 173.93389548906217, 68.6804193347711, 151.64761785138597, 51.85556864985669, 166.7213243709394], [208.92343095019285, 55.90169943749474, 15.132745950421556, 55.97320787662612, 54.3415126767741, 173.93389548906217, 0.0, 229.61271741782946, 65.80273550544841, 133.843191832831, 15.0], [186.27130750601393, 180.6792738528689, 216.00231480241132, 187.41664813991312, 240.2769235694514, 68.6804193347711, 229.61271741782946, 0.0, 217.4488445588985, 120.21647141718975, 225.07998578283232], [249.39326374222702, 91.02197536858887, 56.36488268416781, 37.69615364994153, 27.0, 151.64761785138597, 65.80273550544841, 217.4488445588985, 0.0, 101.39033484509261, 50.80354318352215], [214.64622055838765, 106.17438485811914, 118.71394189394942, 80.05623023850174, 126.82665335015349, 51.85556864985669, 133.843191832831, 120.21647141718975, 101.39033484509261, 0.0, 124.03628501370073], [216.9469981354893, 59.36328831862332, 11.661903789690601, 44.40720662234904, 41.10960958218893, 166.7213243709394, 15.0, 225.07998578283232, 50.80354318352215, 124.03628501370073, 0.0]]}, {"N": 11, "radius": 10, "total": 500, "budget_remain": 500, "R": 22500, "r": [5825.274325182978, 10713.847752478938, 11493.537796522169, 21374.662536917025, 200.01666980974636, 8187.866986253147, 18563.776147434226, 2032.8068858191552, 4403.024691952006, 22361.73802576777, 11575.183008546019], "phi": [4.838892162126758, 2.426873537589842, 6.167573930055899, 0.17726983894299406, 3.7100746294520106, 1.3882399370747833, 4.819941458123757, 3.0535467579846203, 3.4549955109958814, 2.648388016672715, 2.1290500328166666], "x": [9, -78, 106, 143, -11, 16, 14, -44, -63, -131, -56], "y": [-75, 67, -12, 25, -7, 88, -135, 3, -20, 70, 91], "xy": [[9, -75], [-78, 67], [106, -12], [143, 25], [-11, -7], [16, 88], [14, -135], [-44, 3], [-63, -20], [-131, 70], [-56, 91]], "city_start": [9, -75], "distance": [[0.0, 166.5322791533221, 115.66330446602328, 167.20047846821492, 70.8801805866774, 163.1502375113196, 60.207972893961475, 94.30270409696638, 90.60353193998566, 201.55644370746373, 178.27226368675525], [166.5322791533221, 0.0, 200.24235316236172, 224.95555116511352, 99.82484660644363, 96.317184344228, 221.96396103872357, 72.47068372797375, 88.28363381737297, 53.08483775994799, 32.55764119219941], [115.66330446602328, 200.24235316236172, 0.0, 52.32590180780452, 117.10678887237921, 134.5362404707371, 153.60013020827813, 150.74813431681335, 169.1892431568863, 250.78476827750126, 191.9713520294109], [167.20047846821492, 224.95555116511352, 52.32590180780452, 0.0, 157.2895419282541, 141.76741515595182, 205.526154053444, 188.28967045486058, 210.85777196963835, 277.67066823847273, 209.65924735150605], [70.8801805866774, 99.82484660644363, 117.10678887237921, 157.2895419282541, 0.0, 98.76234100101111, 130.41855696180662, 34.48187929913333, 53.600373133029585, 142.57980221616245, 107.83784122468327], [163.1502375113196, 96.317184344228, 134.5362404707371, 141.76741515595182, 98.76234100101111, 0.0, 223.00896842952304, 104.04326023342406, 133.80956617521784, 148.0979405663698, 72.06247289678588], [60.207972893961475, 221.96396103872357, 153.60013020827813, 205.526154053444, 130.41855696180662, 223.00896842952304, 0.0, 149.69301920931383, 138.3979768638256, 251.09759058979438, 236.5924766344019], [94.30270409696638, 72.47068372797375, 150.74813431681335, 188.28967045486058, 34.48187929913333, 104.04326023342406, 149.69301920931383, 0.0, 29.832867780352597, 109.80892495603443, 88.81441324469807], [90.60353193998566, 88.28363381737297, 169.1892431568863, 210.85777196963835, 53.600373133029585, 133.80956617521784, 138.3979768638256, 29.832867780352597, 0.0, 112.8007092176286, 111.22050170719426], [201.55644370746373, 53.08483775994799, 250.78476827750126, 277.67066823847273, 142.57980221616245, 148.0979405663698, 251.09759058979438, 109.80892495603443, 112.8007092176286, 0.0, 77.88452991448301], [178.27226368675525, 32.55764119219941, 191.9713520294109, 209.65924735150605, 107.83784122468327, 72.06247289678588, 236.5924766344019, 88.81441324469807, 111.22050170719426, 77.88452991448301, 0.0]]}, {"N": 11, "radius": 10, "total": 200, "budget_remain": 200, "R": 22500, "r": [4564.060969061693, 15350.394960755348, 22252.67314791753, 6016.872839157195, 855.9088263762491, 6124.586384865173, 18529.40760655081, 6049.08528861291, 8008.679269857059, 14160.663496887184, 17778.415703582494], "phi": [3.969943765069935, 4.90417738648755, 5.605252522737065, 3.244337189612007, 2.7591296359685895, 3.3781543645358054, 4.900525075627184, 4.3809788958744935, 1.7115880845298643, 5.5954363972874575, 2.9384240826956427], "x": [-45, 23, 116, -77, -27, -76, 25, -25, -12, 91, -130], "y": [-49, -121, -93, -7, 10, -18, -133, -73, 88, -75, 26], "xy": [[-45, -49], [23, -121], [116, -93], [-77, -7], [-27, 10], [-76, -18], [25, -133], [-25, -73], [-12, 88], [91, -75], [-130, 26]], "city_start": [-45, -49], "distance": [[0.0, 99.03534722511958, 166.90416411821485, 52.80151512977634, 61.68468205316454, 43.840620433565945, 109.34349546269316, 31.240998703626616, 140.91841611372163, 138.4629914453678, 113.35784048754634], [99.03534722511958, 0.0, 97.12363255150623, 151.6443206981389, 140.21768789992225, 142.86357128393507, 12.165525060596439, 67.88225099390856, 211.91035840656775, 82.09750300709517, 212.17445652104308], [166.90416411821485, 97.12363255150623, 0.0, 211.29363454680788, 176.23280057923384, 206.1286006356226, 99.40321926376429, 142.41137595009747, 221.68671588527806, 30.805843601498726, 273.27092783536267], [52.80151512977634, 151.6443206981389, 211.29363454680788, 0.0, 52.81098370604357, 11.045361017187261, 162.11107303327555, 84.02380615040002, 115.10864433221339, 181.24017214734707, 62.433965115151864], [61.68468205316454, 140.21768789992225, 176.23280057923384, 52.81098370604357, 0.0, 56.43580423808985, 152.16109883935513, 83.02409288875127, 79.42921376924235, 145.4269576110289, 104.23531071570709], [43.840620433565945, 142.86357128393507, 206.1286006356226, 11.045361017187261, 56.43580423808985, 0.0, 153.05554547287727, 75.0066663703967, 123.82245353731285, 176.459627110566, 69.65629906907199], [109.34349546269316, 12.165525060596439, 99.40321926376429, 162.11107303327555, 152.16109883935513, 153.05554547287727, 0.0, 78.10249675906654, 224.07588000496617, 87.86353054595519, 222.0495440211486], [31.240998703626616, 67.88225099390856, 142.41137595009747, 84.02380615040002, 83.02409288875127, 75.0066663703967, 78.10249675906654, 0.0, 161.5239920259526, 116.01724009818541, 144.31216164966833], [140.91841611372163, 211.91035840656775, 221.68671588527806, 115.10864433221339, 79.42921376924235, 123.82245353731285, 224.07588000496617, 161.5239920259526, 0.0, 192.81597444195333, 133.29666162361306], [138.4629914453678, 82.09750300709517, 30.805843601498726, 181.24017214734707, 145.4269576110289, 176.459627110566, 87.86353054595519, 116.01724009818541, 192.81597444195333, 0.0, 242.98559628093184], [113.35784048754634, 212.17445652104308, 273.27092783536267, 62.433965115151864, 104.23531071570709, 69.65629906907199, 222.0495440211486, 144.31216164966833, 133.29666162361306, 242.98559628093184, 0.0]]}, {"N": 11, "radius": 10, "total": 350, "budget_remain": 350, "R": 22500, "r": [15200.76818088718, 16133.80732248242, 3778.520571482019, 7371.360846699421, 20717.177792907598, 20640.481117809868, 9850.421273553522, 11655.776894838838, 10030.302766908368, 16359.105740121828, 11264.608963497138], "phi": [6.19297348182429, 4.601412348581025, 2.6718644819059705, 1.9328606114541693, 5.810696395091383, 1.8971803183747704, 0.7620486991753684, 4.9248390356272935, 2.6825022279174986, 1.8173896083748375, 1.027317851350981], "x": [122, -14, -54, -30, 128, -46, 71, 22, -89, -31, 54], "y": [-11, -126, 27, 80, -65, 136, 68, -105, 44, 124, 90], "xy": [[122, -11], [-14, -126], [-54, 27], [-30, 80], [128, -65], [-46, 136], [71