[[{"N": 11, "radius": 5, "total": 500, "budget_remain": 500, "R": 22500, "r": [17076.966258739485, 15920.274560794162, 1643.2489054465834, 9440.585361451382, 11656.541823227924, 20357.65037998416, 9943.474309495596, 16724.910777847148, 12306.376468928856, 16854.678079741185, 2675.0760948187794], "phi": [1.9335961799961185, 2.771798359659385, 1.2691967388943148, 4.960443019884156, 6.075167141020133, 4.763989973841342, 1.8552829971241707, 0.9202819488846623, 1.4311275477114642, 2.087305249187682, 2.893069476042758], "x": [-46, -117, 12, 23, 105, 7, -27, 78, 15, -64, -50], "y": [122, 45, 38, -94, -22, -142, 95, 102, 109, 112, 12], "xy": [[-46, 122], [-117, 45], [12, 38], [23, -94], [105, -22], [7, -142], [-27, 95], [78, 102], [15, 109], [-64, 112], [-50, 12]], "city_start": [-46, 122], "distance": [[0.0, 104.7377677822093, 102.07840124139877, 226.75316976836288, 208.65521800328887, 269.2675249635574, 33.015148038438355, 125.60254774486066, 62.369864518050704, 20.591260281974, 110.07270324653611], [104.7377677822093, 0.0, 129.18978287774928, 197.28405916343064, 231.89006015782564, 224.37691503361035, 102.95630140987001, 203.16003544004417, 146.696966567138, 85.42833253669417, 74.68600939935136], [102.07840124139877, 129.18978287774928, 0.0, 132.45754036671525, 110.6752004741803, 180.06943105369106, 69.06518659932803, 91.93475947648963, 71.06335201775947, 106.07544484940895, 67.23094525588644], [226.75316976836288, 197.28405916343064, 132.45754036671525, 0.0, 109.12378292562992, 50.59644256269407, 195.5019181491578, 203.5706265648362, 203.15757431117353, 223.61797781037194, 128.70508925446578], [208.65521800328887, 231.89006015782564, 110.6752004741803, 109.12378292562992, 0.0, 154.9322432549145, 176.3887751530692, 126.90547663517127, 158.93709447451215, 215.67800073257357, 158.68522300453813], [269.2675249635574, 224.37691503361035, 180.06943105369106, 50.59644256269407, 154.9322432549145, 0.0, 239.42639787625757, 254.120050369899, 251.127457678367, 263.7366110345699, 164.21023110634732], [33.015148038438355, 102.95630140987001, 69.06518659932803, 195.5019181491578, 176.3887751530692, 239.42639787625757, 0.0, 105.23307464861035, 44.27188724235731, 40.718546143004666, 86.1278120005379], [125.60254774486066, 203.16003544004417, 91.93475947648963, 203.5706265648362, 126.90547663517127, 254.120050369899, 105.23307464861035, 0.0, 63.387695966961914, 142.35167719419397, 156.4736399525492], [62.369864518050704, 146.696966567138, 71.06335201775947, 203.15757431117353, 158.93709447451215, 251.127457678367, 44.27188724235731, 63.387695966961914, 0.0, 79.05694150420949, 116.76472069936193], [20.591260281974, 85.42833253669417, 106.07544484940895, 223.61797781037194, 215.67800073257357, 263.7366110345699, 40.718546143004666, 142.35167719419397, 79.05694150420949, 0.0, 100.9752444909147], [110.07270324653611, 74.68600939935136, 67.23094525588644, 128.70508925446578, 158.68522300453813, 164.21023110634732, 86.1278120005379, 156.4736399525492, 116.76472069936193, 100.9752444909147, 0.0]]}, {"N": 11, "radius": 5, "total": 350, "budget_remain": 350, "R": 22500, "r": [22323.029290320148, 18183.990357078237, 5016.043672735775, 4150.736341512411, 15651.1249201621, 21043.767051285853, 19793.543621702593, 3005.8584197977593, 15167.093781457046, 18029.80886457906, 68.09582989142304], "phi": [1.216205221181588, 2.0708634302202773, 3.6476695937724903, 2.00174052392929, 5.333157740202835, 4.84519515745733, 1.1845631677493909, 2.9511661617925475, 0.530829377120871, 2.2861838139845796, 3.748532094309688], "x": [51, -64, -61, -26, 72, 19, 52, -53, 106, -88, -6], "y": [140, 118, -34, 58, -101, -143, 130, 10, 62, 101, -4], "xy": [[51, 140], [-64, 118], [-61, -34], [-26, 58], [72, -101], [19, -143], [52, 130], [-53, 10], [106, 62], [-88, 101], [-6, -4]], "city_start": [51, 140], "distance": [[0.0, 117.08543888972702, 206.92993983471797, 112.48555462813881, 241.91320757660174, 284.80344099044873, 10.04987562112089, 166.48123017325406, 95.44108130150245, 144.3675863897433, 154.8709139896837], [117.08543888972702, 0.0, 152.029602380589, 71.02112361825881, 257.7925522585942, 273.87953556262653, 116.61903789690601, 108.55873986004075, 178.98603297464302, 29.410882339705484, 135.08515832614626], [206.92993983471797, 152.029602380589, 0.0, 98.43271813782245, 148.92279879185725, 135.20724832641184, 199.16073910286636, 44.721359549995796, 192.62658175859323, 137.6735268670052, 62.64982043070834], [112.48555462813881, 71.02112361825881, 98.43271813782245, 0.0, 186.77526602845464, 205.97572672526246, 106.15083607772479, 55.072679252057455, 132.06059215375342, 75.45197147855052, 65.14598989960932], [241.91320757660174, 257.7925522585942, 148.92279879185725, 186.77526602845464, 0.0, 67.62396025078685, 231.8641843838759, 167.17057157286985, 166.50825805346713, 257.68973592287296, 124.47088012864695], [284.80344099044873, 273.87953556262653, 135.20724832641184, 205.97572672526246, 67.62396025078685, 0.0, 274.9872724327437, 169.09464805250343, 222.69710370815332, 266.4301034042512, 141.23030836190935], [10.04987562112089, 116.61903789690601, 199.16073910286636, 106.15083607772479, 231.8641843838759, 274.9872724327437, 0.0, 159.45218719101973, 86.83317338436964, 142.97202523570826, 146.01369798755184], [166.48123017325406, 108.55873986004075, 44.721359549995796, 55.072679252057455, 167.17057157286985, 169.09464805250343, 159.45218719101973, 0.0, 167.28717822953436, 97.49871794028884, 49.040799340956916], [95.44108130150245, 178.98603297464302, 192.62658175859323, 132.06059215375342, 166.50825805346713, 222.69710370815332, 86.83317338436964, 167.28717822953436, 0.0, 197.88127753782064, 130.0], [144.3675863897433, 29.410882339705484, 137.6735268670052, 75.45197147855052, 257.68973592287296, 266.4301034042512, 142.97202523570826, 97.49871794028884, 197.88127753782064, 0.0, 133.22537295875736], [154.8709139896837, 135.08515832614626, 62.64982043070834, 65.14598989960932, 124.47088012864695, 141.23030836190935, 146.01369798755184, 49.040799340956916, 130.0, 133.22537295875736, 0.0]]}, {"N": 11, "radius": 5, "total": 350, "budget_remain": 350, "R": 22500, "r": [11004.87120443372, 4740.805031730295, 3975.5756297478147, 16471.32640266836, 14843.577582353637, 18605.515558220766, 6477.61400297397, 863.1486152336277, 17547.4739884301, 21951.515524151622, 10275.547408972636], "phi": [0.16658613626318955, 4.699904762429439, 4.126779422924617, 3.0099288173997074, 1.279370466108495, 4.9424496125149115, 3.3015078823748847, 0.3368725898203511, 2.1668147849871247, 5.163003511666349, 3.3366307551192613], "x": [103, 0, -34, -127, 35, 31, -79, 27, -74, 64, -99], "y": [17, -68, -52, 16, 116, -132, -12, 9, 109, -133, -19], "xy": [[103, 17], [0, -68], [-34, -52], [-127, 16], [35, 116], [31, -132], [-79, -12], [27, 9], [-74, 109], [64, -133], [-99, -19]], "city_start": [103, 17], "distance": [[0.0, 133.5440002396214, 153.39491516996253, 230.0021739027699, 120.10412149464314, 165.4841382127, 184.29595763336752, 76.4198926981712, 199.4818287463798, 154.98709623707387, 205.1828452868319], [133.5440002396214, 0.0, 37.57658845611187, 152.26621424334422, 187.29922583929704, 71.11258679024411, 96.83491106000976, 81.59656855530139, 191.84629264074925, 91.21951545584969, 110.46266337545913], [153.39491516996253, 37.57658845611187, 0.0, 115.20850663036997, 181.61773041198373, 103.07764064044152, 60.207972893961475, 86.2670273047588, 165.89454481688057, 127.1416532848303, 72.89718787443039], [230.0021739027699, 152.26621424334422, 115.20850663036997, 0.0, 190.3785702225962, 216.4901845350038, 55.569775957799216, 154.1590088188167, 107.0420478129973, 242.24367896810023, 44.82186966202994], [120.10412149464314, 187.29922583929704, 181.61773041198373, 190.3785702225962, 0.0, 248.03225596683993, 171.40595088852663, 107.29864864013899, 109.22453936730518, 250.68306683938587, 190.21303845951255], [165.4841382127, 71.11258679024411, 103.07764064044152, 216.4901845350038, 248.03225596683993, 0.0, 162.78820596099706, 141.05672617780408, 262.8802008520231, 33.015148038438355, 172.246915792417], [184.29595763336752, 96.83491106000976, 60.207972893961475, 55.569775957799216, 171.40595088852663, 162.78820596099706, 0.0, 108.06016842481785, 121.10326172320876, 187.32325002519042, 21.18962010041709], [76.4198926981712, 81.59656855530139, 86.2670273047588, 154.1590088188167, 107.29864864013899, 141.05672617780408, 108.06016842481785, 0.0, 142.13022197970423, 146.74126890551273, 129.07362240210043], [199.4818287463798, 191.84629264074925, 165.89454481688057, 107.0420478129973, 109.22453936730518, 262.8802008520231, 121.10326172320876, 142.13022197970423, 0.0, 278.5821243367923, 130.41855696180662], [154.98709623707387, 91.21951545584969, 127.1416532848303, 242.24367896810023, 250.68306683938587, 33.015148038438355, 187.32325002519042, 146.74126890551273, 278.5821243367923, 0.0, 198.90952717253137], [205.1828452868319, 110.46266337545913, 72.89718787443039, 44.82186966202994, 190.21303845951255, 172.246915792417, 21.18962010041709, 129.07362240210043, 130.41855696180662, 198.90952717253137, 0.0]]}, {"N": 11, "radius": 5, "total": 500, "budget_remain": 500, "R": 22500, "r": [10094.592394512503, 9417.110484260655, 19382.76338767176, 21508.93683310547, 20930.50405244653, 7962.328034749059, 13317.831762339749, 20666.06688441219, 7712.206288111726, 18912.959459367874, 5326.704256875623], "phi": [3.676460804923745, 1.7879224342570237, 0.05540916142802569, 1.8667074236231354, 3.2835186244807795, 1.3395925583213129, 4.204954704116177, 4.465460246895768, 4.549053201507382, 2.4018853954077937, 1.7065675916871106], "x": [-86, -20, 139, -42, -143, 20, -56, -35, -14, -101, -9], "y": [-51, 94, 7, 140, -20, 86, -100, -139, -86, 92, 72], "xy": [[-86, -51], [-20, 94], [139, 7], [-42, 140], [-143, -20], [20, 86], [-56, -100], [-35, -139], [-14, -86], [-101, 92], [-9, 72]], "city_start": [-86, -51], "distance": [[0.0, 159.31415505221122, 232.35533133543547, 196.0025510038071, 64.88451279003334, 173.21951391226105, 57.4543296888929, 101.71037311896953, 80.05623023850174, 143.78456106272327, 145.11374848717816], [159.31415505221122, 0.0, 181.24568960391858, 50.99019513592785, 167.70509831248424, 40.792156108742276, 197.3119357768303, 233.4823333787805, 180.0999722376436, 81.02468759581859, 24.596747752497688], [232.35533133543547, 181.24568960391858, 0.0, 224.61077445216202, 283.28960446864266, 142.8355697996826, 222.4275162833951, 227.13872413131145, 179.0474797365213, 254.6075411294803, 161.64467204334326], [196.0025510038071, 50.99019513592785, 224.61077445216202, 0.0, 189.21152184790438, 82.21921916437786, 240.40798655618744, 279.0877998050076, 227.72790781983662, 76.05918747922567, 75.58438992278762], [64.88451279003334, 167.70509831248424, 283.28960446864266, 189.21152184790438, 0.0, 194.4350791395421, 118.1905241548577, 160.70158679988197, 144.90341610879986, 119.61605243444544, 162.5423021862309], [173.21951391226105, 40.792156108742276, 142.8355697996826, 82.21921916437786, 194.4350791395421, 0.0, 200.92784774639875, 231.62469643800938, 175.32826355154492, 121.1486689980538, 32.202484376209235], [57.4543296888929, 197.3119357768303, 222.4275162833951, 240.40798655618744, 118.1905241548577, 200.92784774639875, 0.0, 44.294469180700204, 44.27188724235731, 197.20294115453754, 178.30591689565435], [101.71037311896953, 233.4823333787805, 227.13872413131145, 279.0877998050076, 160.70158679988197, 231.62469643800938, 44.294469180700204, 0.0, 57.0087712549569, 240.24362634625712, 212.59586073110643], [80.05623023850174, 180.0999722376436, 179.0474797365213, 227.72790781983662, 144.90341610879986, 175.32826355154492, 44.27188724235731, 57.0087712549569, 0.0, 198.12369873389704, 158.07909412695912], [143.78456106272327, 81.02468759581859, 254.6075411294803, 76.05918747922567, 119.61605243444544, 121.1486689980538, 197.20294115453754, 240.24362634625712, 198.12369873389704, 0.0, 94.14881836751856], [145.11374848717816, 24.596747752497688, 161.64467204334326, 75.58438992278762, 162.5423021862309, 32.202484376209235, 178.30591689565435, 212.59586073110643, 158.07909412695912, 94.14881836751856, 0.0]]}, {"N": 11, "radius": 5, "total": 200, "budget_remain": 200, "R": 22500, "r": [20125.584982140124, 8591.914109107358, 2749.3064605488867, 6353.954370889305, 16115.635495911398, 5352.600918739451, 6736.771521837054, 19906.738272383383, 703.1666236130038, 16587.80305141875, 20677.44832675382], "phi": [5.799635672793059, 3.884309832572114, 4.752241972679843, 5.038163241678977, 1.0572004392956076, 2.92529216568522, 4.8584327538247, 2.7690533223328035, 2.2435921426941916, 2.476767768133377, 2.8353691440977022], "x": [125, -68, 2, 25, 62, -71, 11, -131, -16, -101, -137], "y": [-65, -62, -52, -75, 110, 15, -81, 51, 20, 79, 43], "xy": [[125, -65], [-68, -62], [2, -52], [25, -75], [62, 110], [-71, 15], [11, -81], [-131, 51], [-16, 20], [-101, 79], [-137, 43]], "city_start": [125, -65], "distance": [[0.0, 193.02331465395574, 123.68508398347798, 100.4987562112089, 185.9946235782099, 211.69789795838787, 115.11733144926528, 281.05515472945876, 164.63899902513984, 267.9776110050987, 283.3866616480035], [193.02331465395574, 0.0, 70.71067811865476, 93.90420650854784, 215.60148422494683, 77.05841939723393, 81.25269226308751, 129.37542270462347, 97.09788875150684, 144.81022063376605, 125.64234954823155], [123.68508398347798, 70.71067811865476, 0.0, 32.526911934581186, 172.75416058665562, 99.08582138732059, 30.364452901377952, 168.22009392459628, 74.21590126111789, 166.6433316997713, 168.36270370839262], [100.4987562112089, 93.90420650854784, 32.526911934581186, 0.0, 188.66372200293304, 131.59027319676784, 15.231546211727817, 200.52929960482084, 103.46980235798269, 198.97738564972653, 200.4195599236761], [185.9946235782099, 215.60148422494683, 172.75416058665562, 188.66372200293304, 0.0, 163.44418007380992, 197.6916791369834, 201.81674856165927, 119.09659944767525, 165.92166826548, 209.97618912629116], [211.69789795838787, 77.05841939723393, 99.08582138732059, 131.59027319676784, 163.44418007380992, 0.0, 126.25371281669304, 69.9714227381436, 55.226805085936306, 70.68238818828917, 71.69379331573968], [115.11733144926528, 81.25269226308751, 30.364452901377952, 15.231546211727817, 197.6916791369834, 126.25371281669304, 0.0, 193.8762491900439, 104.546640309481, 195.30488985173923, 193.08029417835473], [281.05515472945876, 129.37542270462347, 168.22009392459628, 200.52929960482084, 201.81674856165927, 69.9714227381436, 193.8762491900439, 0.0, 119.10499569707393, 41.036569057366385, 10.0], [164.63899902513984, 97.09788875150684, 74.21590126111789, 103.46980235798269, 119.09659944767525, 55.226805085936306, 104.546640309481, 119.10499569707393, 0.0, 103.46980235798269, 123.1665539016173], [267.9776110050987, 144.81022063376605, 166.6433316997713, 198.97738564972653, 165.92166826548, 70.68238818828917, 195.30488985173923, 41.036569057366385, 103.46980235798269, 0.0, 50.91168824543142], [283.3866616480035, 125.64234954823155, 168.36270370839262, 200.4195599236761, 209.97618912629116, 71.69379331573968, 193.08029417835473, 10.0, 123.1665539016173, 50.91168824543142, 0.0]]}, {"N": 11, "radius": 5, "total": 200, "budget_remain": 200, "R": 22500, "r": [11371.056685314206, 18564.862788546092, 18656.93526182422, 17885.15028020279, 16652.432554918167, 7936.333377367227, 19446.219338674357, 21121.41308285703, 5395.6754978126, 5926.742982822889, 12485.737940079618], "phi": [1.2094712876105946, 0.37248337736639164, 2.0810193798646215, 2.2691855375236543, 3.078334210826268, 1.4311285280243824, 3.151180477148131, 3.8860235399649934, 3.939954060763219, 4.815810540192266, 0.311766088308426], "x": [37, 126, -66, -85, -128, 12, -139, -106, -51, 7, 106], "y": [99, 49, 119, 102, 8, 88, -1, -98, -52, -76, 34], "xy": [[37, 99], [126, 49], [-66, 119], [-85, 102], [-128, 8], [12, 88], [-139, -1], [-106, -98], [-51, -52], [7, -76], [106, 34]], "city_start": [37, 99], "distance": [[0.0, 102.08329931972223, 104.92378186092989, 122.03687967167957, 188.43035848822237, 27.313000567495326, 202.4252948620799, 243.4296612987004, 174.77127910500627, 177.55280904564702, 94.79451460923254], [102.08329931972223, 0.0, 204.3624231604235, 217.55459085020476, 257.2877766237642, 120.48651376813922, 269.675731203236, 274.6506872374435, 203.78910667648555, 172.58621034138272, 25.0], [104.92378186092989, 204.3624231604235, 0.0, 25.495097567963924, 127.1416532848303, 83.93449827097318, 140.45995870709916, 220.6558406206371, 171.6566340110396, 208.21623375712088, 191.8567173700207], [122.03687967167957, 217.55459085020476, 25.495097567963924, 0.0, 103.36827366266692, 98.00510190801293, 116.29703349613007, 201.0994778710278, 157.70859202973057, 200.3696583817021, 202.74368054269902], [188.43035848822237, 257.2877766237642, 127.1416532848303, 103.36827366266692, 0.0, 161.24515496597098, 14.212670403551895, 108.25894882179486, 97.6165969494942, 159.0, 235.44001359157284], [27.313000567495326, 120.48651376813922, 83.93449827097318, 98.00510190801293, 161.24515496597098, 0.0, 175.27692375210148, 220.27255843613383, 153.52198539622916, 164.0762018087937, 108.40664186294121], [202.4252948620799, 269.675731203236, 140.45995870709916, 116.29703349613007, 14.212670403551895, 175.27692375210148, 0.0, 102.45974819410792, 101.71037311896953, 164.13713778423212, 247.48737341529164], [243.4296612987004, 274.6506872374435, 220.6558406206371, 201.0994778710278, 108.25894882179486, 220.27255843613383, 102.45974819410792, 0.0, 71.7007670809734, 115.12167476196652, 249.73586046060746], [174.77127910500627, 203.78910667648555, 171.6566340110396, 157.70859202973057, 97.6165969494942, 153.52198539622916, 101.71037311896953, 71.7007670809734, 0.0, 62.76941930590086, 179.0111728356641], [177.55280904564702, 172.58621034138272, 208.21623375712088, 200.3696583817021, 159.0, 164.0762018087937, 164.13713778423212, 115.12167476196652, 62.76941930590086, 0.0, 147.98986451781082], [94.79451460923254, 25.0, 191.8567173700207, 202.74368054269902, 235.44001359157284, 108.40664186294121, 247.48737341529164, 249.73586046060746, 179.0111728356641, 147.98986451781082, 0.0]]}], [[0, 9, 6, 8, 7, 2, 10, 1, 3, 5, 4], [0, 6, 8, 10, 7, 2, 3, 1, 9, 4, 5], [0, 7, 4, 8, 3, 10, 6, 2, 1, 5, 9], [0, 8, 7, 6, 4, 9, 3, 1, 10, 5, 2], [0, 3, 6, 2, 1, 10, 7, 9, 5, 8, 4], [0, 5, 2, 3, 4, 6, 8, 9, 7, 10, 1]], [7, 5, 3, 6, 3, 3], ["greedy", "greedy", "optimal", "optimal", "optimal", "greedy"], [[[-35.393398689632825, 132.60660212522922], [-127.60660171778437, 55.606601717812055], [22.60660171688535, 27.393398281288924], [33.60660171824739, -83.39339828265096], [121.0, -6.0], [-3.6066017177982257, -152.6066017177982], [-16.393399123281174, 84.39339744112247], [88.60660171779124, 91.39339828219481], [25.606601716593026, 119.6066017190034], [-74.60660222233635, 101.39339878673995], [-60.60660171779821, 1.3933982822017887]], [[49.507444125323076, 154.92555784421364], [-53.3933982702526, 128.60660170584902], [-71.60660171773524, -44.60660171786118], [-15.393398282201789, 68.60660171779821], [82.60660171779821, -90.39339828220179], [8.393398282201781, -153.6066017177982], [53.4925504763396, 115.07444161595357], [-63.606601719616215, 20.60660171598021], [90.0, 46.0], [-98.60660172929354, 90.39339829369712], [4.6066017178011345, -14.606601717795291]], [[119.0, 33.0], [10.606601719496025, -78.6066017161004], [-44.6066017826762, -62.606601652920226], [-137.60660171779645, 26.606601717799972], [19.0, 100.0], [20.39339823412462, -142.60660166972104], [-68.39339750222706, -1.3933990621765442], [16.393398281288924, 19.60660171688535], [-58.0, 125.0], [74.60660175422656, -143.60660168136985], [-109.60660248393295, -29.60660095166343]], [[-75.39339828221229, -40.393398282191285], [-18.033574346762162, 108.87054706963696], [123.0, -9.0], [-52.60660171824355, 150.60660171735287], [-153.60660171733392, -9.393398281737493], [30.606601730489402, 96.60660170510702], [-66.6066019943206, -110.60660144127581], [-24.393398281745643, -149.60660171734207], [-3.3933982821633633, -75.39339828224021], [-111.60660171779821, 81.39339828220179], [-9.016700963684169, 57.000009297376025]], [[141.0, -49.0], [-78.60660171779821, -72.60660171779821], [-8.606601683209435, -41.39339824761301], [39.021109610491365, -69.67003890346405], [46.0, 94.0], [-81.60660171824144, 4.393398282645013], [0.3933956897566793, -91.60659912535252], [-131.0, 66.0], [-5.393398282201788, 30.606601717798213], [-90.39339828219596, 89.60660171779239], [-146.00000041154055, 31.000000308655423]], [[47.606601789893276, 109.60660164570315], [136.6066017700216, 59.60660166557484], [-55.393398265657794, 129.60660170125422], [-95.60660173433229, 91.39339829873586], [-117.39339739748618, 18.606600833082553], [1.3933982105521339, 77.39339835385144], [-149.606602602967, -11.606600832629367], [-116.60660171779821, -108.60660171779821], [-61.606601716906845, -41.39339828131042], [17.606601718262507, -86.60660171733392], [95.39339822997842, 23.39339833442516]]]]