export const undoMap =  [{"N": 30, "total": 300, "R": 40000, "r": [18982.155991132306, 26990.116554045977, 29266.131786108195, 6839.055070905809, 2063.3558417720856, 2557.945669618258, 35762.392061821636, 5878.185532928981, 9291.704998676767, 11979.02868213077, 20861.428631246352, 10104.594529867396, 370.071962068943, 6286.010530444677, 4835.031884066341, 5845.824428837712, 30084.980971066165, 2865.8847900062055, 37889.392540550696, 13143.263902125194, 8318.457564931188, 6783.337557139482, 19121.375552396137, 6876.605251334906, 3082.6485790863912, 26730.272653767715, 1605.3327527372296, 38371.19466097632, 1195.7817679879668, 26978.85264274518], "phi": [1.3906969142684467, 4.519419210448505, 3.3487273404459437, 4.2374200916668014, 3.2888507610062527, 2.7350422614845797, 1.1325905653207466, 3.9486396921260694, 3.9358423548806423, 3.3483054484454255, 4.681038599197451, 2.9555189221191998, 4.6278471082758275, 6.131060085420793, 0.027905138714412865, 3.531962349681755, 2.041207483462974, 4.5613250080423215, 4.1915146051158105, 4.226377530049585, 2.0380499528325045, 0.9608521039591228, 4.4391802884269245, 4.864351841128942, 3.385918582817298, 3.8396724449898976, 3.537942521080758, 2.082050864537811, 1.738719817718237, 2.3022292366499295], "x": [24, -31, -167, -37, -44, -46, 80, -53, -67, -107, -4, -98, -1, 78, 69, -70, -78, -8, -96, -53, -41, 47, -37, 12, -53, -125, -36, -95, -5, -109], "y": [135, -161, -35, -73, -6, 19, 171, -55, -68, -22, -144, 18, -19, -12, 1, -29, 154, -52, -168, -101, 81, 67, -133, -81, -13, -105, -15, 170, 34, 122], "xy": [[24, 135], [-31, -161], [-167, -35], [-37, -73], [-44, -6], [-46, 19], [80, 171], [-53, -55], [-67, -68], [-107, -22], [-4, -144], [-98, 18], [-1, -19], [78, -12], [69, 1], [-70, -29], [-78, 154], [-8, -52], [-96, -168], [-53, -101], [-41, 81], [47, 67], [-37, -133], [12, -81], [-53, -13], [-125, -105], [-36, -15], [-95, 170], [-5, 34], [-109, 122]], "city_start": [24, 135], "distance": [[0.0, 301.0664378505183, 255.69708641280997, 216.76023620581336, 156.54072952429985, 135.4843164355196, 66.57326790837296, 205.00975586542216, 222.46348014898985, 204.47493733951845, 280.40149785619906, 169.03549923019128, 156.01602481796542, 156.60459763365824, 141.35416513141735, 189.02909828912584, 103.75451797391764, 189.71821209362056, 325.8972230627318, 248.2438317461282, 84.50443775329198, 71.78439941937245, 274.85450696686786, 216.33307652783935, 166.83225107874077, 282.4907078117792, 161.55494421403512, 124.04031602668546, 105.08092119885512, 133.63382805263043], [301.0664378505183, 0.0, 185.39687160251654, 88.20430828479978, 155.54420593516173, 180.62391868188442, 350.06427981157975, 108.25894882179486, 99.72462083156798, 158.42032697857937, 31.906112267087632, 191.12822920751398, 145.13442045221387, 184.6131089603336, 190.3785702225962, 137.64083696345355, 318.4870484022859, 111.40017953306898, 65.37583651472461, 63.90618123468183, 242.20652344641752, 240.97302753627844, 28.635642126552707, 90.82400563727631, 149.6262009141447, 109.41663493271945, 146.08559134972896, 337.13053851586926, 196.72569735548024, 293.5523803344132], [255.69708641280997, 185.39687160251654, 0.0, 135.4400236266961, 126.37246535539299, 132.5028301584536, 321.6286678764814, 115.7410903698423, 105.30432089900205, 61.39218191268331, 196.08671551127577, 87.00574693662483, 166.76930173146374, 246.07722365143832, 238.72997298202839, 97.18538984847466, 208.90667772955464, 159.90622251807463, 150.7647173578752, 131.7269904006009, 171.26587517658035, 237.06539182259397, 162.80049139974977, 184.81612483763422, 116.10340218959993, 81.6333265278342, 132.51792331605563, 217.27632176562636, 176.08236708995025, 167.37084572887835], [216.76023620581336, 88.20430828479978, 135.4400236266961, 0.0, 67.36467917239716, 92.43916918709297, 270.60118255469615, 24.08318915758459, 30.4138126514911, 86.6083136886985, 78.29431652425353, 109.55363982999378, 64.89992295835181, 130.17680284904833, 129.2749008895385, 55.0, 230.67292862405853, 35.805027579936315, 111.83022847155415, 32.2490309931942, 154.0519392932137, 163.2666530556684, 60.0, 49.64876634922564, 62.0966987850401, 93.637599285757, 58.008620049092706, 249.8259394058191, 111.68258592994702, 207.8677464158401], [156.54072952429985, 155.54420593516173, 126.37246535539299, 67.36467917239716, 0.0, 25.079872407968907, 216.11339616044165, 49.8196748283246, 66.12866246946176, 65.0, 143.68020044529447, 59.09314681077663, 44.9221548904324, 122.14745187681976, 113.21660655575224, 34.713109915419565, 163.5726138447387, 58.412327466040935, 170.14111789923092, 95.42536350467836, 87.05170877128145, 116.66190466471906, 127.1927670899568, 93.60021367496978, 11.40175425099138, 127.91403363196706, 12.041594578792296, 183.24027941476186, 55.86591089385369, 143.55835050598765], [135.4843164355196, 180.62391868188442, 132.5028301584536, 92.43916918709297, 25.079872407968907, 0.0, 197.43353311937665, 74.33034373659252, 89.49860334105779, 73.49829930005184, 168.32409215557945, 52.009614495783374, 58.89821729050889, 127.81627439414747, 116.40017182117903, 53.665631459994955, 138.74076545846214, 80.52949770115296, 193.56910910576616, 120.20399327809372, 62.20128616033595, 104.65658125507444, 152.26621424334422, 115.6027681329474, 32.7566787083184, 147.02720836634285, 35.4400902933387, 158.75137794677562, 43.657759905886145, 120.7393887677091], [66.57326790837296, 350.06427981157975, 321.6286678764814, 270.60118255469615, 216.11339616044165, 197.43353311937665, 0.0, 262.23081436017395, 280.58866691297425, 268.73406929527937, 326.0076686214605, 234.71898091121648, 206.54539452623968, 183.0109286354233, 170.35551062410633, 250.0, 158.91192529196795, 239.7352706632881, 381.9646580509773, 302.77549438486597, 150.8011936292283, 109.11003620199197, 325.7376244771242, 261.01340961720723, 227.03523955544875, 343.80372307466365, 219.20766409959302, 175.0028571195339, 161.22654868228122, 195.24855953373896], [205.00975586542216, 108.25894882179486, 115.7410903698423, 24.08318915758459, 49.8196748283246, 74.33034373659252, 262.23081436017395, 0.0, 19.1049731745428, 63.28506932918696, 101.59724405711013, 85.75546629807339, 63.245553203367585, 137.87675656179326, 134.23859355639868, 31.064449134018133, 210.48990474604713, 45.09988913511872, 120.90492132250036, 46.0, 136.5283853270081, 157.74663229368798, 79.62411694957753, 70.00714249274856, 42.0, 87.65842800324451, 43.46262762420146, 228.8864347225497, 101.11874208078342, 185.64751546950473], [222.46348014898985, 99.72462083156798, 105.30432089900205, 30.4138126514911, 66.12866246946176, 89.49860334105779, 280.58866691297425, 19.1049731745428, 0.0, 60.959002616512684, 98.71676655968832, 91.4166286842826, 82.20097323024831, 155.43809056984713, 152.50245899656832, 39.11521443121589, 222.27235545609355, 61.1310068623117, 104.12012293500234, 35.84689665786984, 151.25144627407698, 176.69465187152667, 71.58910531638176, 80.06247560499239, 56.753854494650845, 68.79680225126747, 61.40032573203501, 239.64139876073165, 119.36498649101419, 194.58674158328466], [204.47493733951845, 158.42032697857937, 61.39218191268331, 86.6083136886985, 65.0, 73.49829930005184, 268.73406929527937, 63.28506932918696, 60.959002616512684, 0.0, 159.66527487215245, 41.0, 106.04244433244644, 185.27007313648906, 177.49647883831386, 37.656340767525464, 178.3732042656632, 103.4456378974, 146.4137971640651, 95.69221493935649, 122.3315167894194, 177.867928531256, 131.2288078129189, 132.82319074619463, 54.74486277268398, 84.92938243034621, 71.34423592694787, 192.37463450257678, 116.36150566231085, 144.01388821915754], [280.40149785619906, 31.906112267087632, 196.08671551127577, 78.29431652425353, 143.68020044529447, 168.32409215557945, 326.0076686214605, 101.59724405711013, 98.71676655968832, 159.66527487215245, 0.0, 187.29655629509048, 125.03599481749245, 155.3962676514465, 162.33915116200404, 132.59336333316233, 307.0504844484047, 92.0869154657707, 95.0789145920377, 65.19202405202648, 228.02192877001983, 217.07602354935472, 34.785054261852174, 65.0, 139.86421987055874, 127.12985487288185, 132.90974381135493, 326.92047962769175, 178.0028089666003, 285.97377502141694], [169.03549923019128, 191.12822920751398, 87.00574693662483, 109.55363982999378, 59.09314681077663, 52.009614495783374, 234.71898091121648, 85.75546629807339, 91.4166286842826, 41.0, 187.29655629509048, 0.0, 103.81714694596457, 178.53851125177448, 167.86303941010956, 54.70831746635972, 137.46272221951665, 114.0175425099138, 186.01075237738274, 127.22421153223941, 84.95881355103778, 153.05554547287727, 162.85576440519384, 147.98986451781082, 54.644304369257, 125.92855117089213, 70.2353187506115, 152.029602380589, 94.36630754670864, 104.58011283222064], [156.01602481796542, 145.13442045221387, 166.76930173146374, 64.89992295835181, 44.9221548904324, 58.89821729050889, 206.54539452623968, 63.245553203367585, 82.20097323024831, 106.04244433244644, 125.03599481749245, 103.81714694596457, 0.0, 79.30952023559341, 72.80109889280519, 69.72087205421343, 189.3620870184948, 33.734255586866, 176.70880000724355, 97.09788875150684, 107.70329614269008, 98.48857801796105, 119.54915307102765, 63.34824385884742, 52.3450093132096, 150.90394295710104, 35.22782990761707, 211.0852908186641, 53.150729063673246, 177.6091213873882], [156.60459763365824, 184.6131089603336, 246.07722365143832, 130.17680284904833, 122.14745187681976, 127.81627439414747, 183.0109286354233, 137.87675656179326, 155.43809056984713, 185.27007313648906, 155.3962676514465, 178.53851125177448, 79.30952023559341, 0.0, 15.811388300841896, 148.9731519435633, 227.7981562699751, 94.847245611035, 233.69210512980536, 158.3729774930054, 151.02979838429238, 84.86459803710851, 166.93112352104984, 95.4829827770373, 131.00381673829202, 223.28905033610582, 114.03946685248927, 251.10356429170812, 94.89467845985885, 230.05434140654683], [141.35416513141735, 190.3785702225962, 238.72997298202839, 129.2749008895385, 113.21660655575224, 116.40017182117903, 170.35551062410633, 134.23859355639868, 152.50245899656832, 177.49647883831386, 162.33915116200404, 167.86303941010956, 72.80109889280519, 15.811388300841896, 0.0, 142.20056258679148, 212.17445652104308, 93.47726996441435, 236.19060099843094, 159.02201105507376, 136.01470508735443, 69.57010852370435, 170.85666507338834, 99.86490875177326, 122.80065146407001, 221.0701246211256, 106.21205204683694, 235.49309968659378, 81.02468759581859, 215.23243250030885], [189.02909828912584, 137.64083696345355, 97.18538984847466, 55.0, 34.713109915419565, 53.665631459994955, 250.0, 31.064449134018133, 39.11521443121589, 37.656340767525464, 132.59336333316233, 54.70831746635972, 69.72087205421343, 148.9731519435633, 142.20056258679148, 0.0, 183.17477992343814, 66.12866246946176, 141.41074923781431, 73.97972695272672, 113.75851616472501, 151.34397906755325, 109.11003620199197, 97.09788875150684, 23.345235059857504, 93.81364506296512, 36.76955262170047, 200.5642041840966, 90.52071586106685, 155.95512174981621], [103.75451797391764, 318.4870484022859, 208.90667772955464, 230.67292862405853, 163.5726138447387, 138.74076545846214, 158.91192529196795, 210.48990474604713, 222.27235545609355, 178.3732042656632, 307.0504844484047, 137.46272221951665, 189.3620870184948, 227.7981562699751, 212.17445652104308, 183.17477992343814, 0.0, 217.56838005555863, 322.50271316688173, 256.2225595063791, 81.8413098624405, 152.2957648787385, 289.9137802864845, 251.6445906432324, 168.86088949191284, 263.2299375071156, 174.14074767268, 23.345235059857504, 140.45995870709916, 44.553338819890925], [189.71821209362056, 111.40017953306898, 159.90622251807463, 35.805027579936315, 58.412327466040935, 80.52949770115296, 239.7352706632881, 45.09988913511872, 61.1310068623117, 103.4456378974, 92.0869154657707, 114.0175425099138, 33.734255586866, 94.847245611035, 93.47726996441435, 66.12866246946176, 217.56838005555863, 0.0, 145.60219778561037, 66.52818951391959, 137.03284277865654, 131.0953851209111, 86.03487664894976, 35.22782990761707, 59.54829972383762, 128.4445405612866, 46.400431032480725, 238.4386713601634, 86.05230967266364, 201.1889659002203], [325.8972230627318, 65.37583651472461, 150.7647173578752, 111.83022847155415, 170.14111789923092, 193.56910910576616, 381.9646580509773, 120.90492132250036, 104.12012293500234, 146.4137971640651, 95.0789145920377, 186.01075237738274, 176.70880000724355, 233.69210512980536, 236.19060099843094, 141.41074923781431, 322.50271316688173, 145.60219778561037, 0.0, 79.61155694998057, 255.0019607767752, 275.0890764825096, 68.60029154456998, 138.68309197591464, 160.85397104206038, 69.35416353759881, 164.34415109762804, 338.0014792867037, 221.55134844996994, 290.2912330746487], [248.2438317461282, 63.90618123468183, 131.7269904006009, 32.2490309931942, 95.42536350467836, 120.20399327809372, 302.77549438486597, 46.0, 35.84689665786984, 95.69221493935649, 65.19202405202648, 127.22421153223941, 97.09788875150684, 158.3729774930054, 159.02201105507376, 73.97972695272672, 256.2225595063791, 66.52818951391959, 79.61155694998057, 0.0, 182.3951753747889, 195.50959055759898, 35.77708763999664, 68.00735254367721, 88.0, 72.11102550927978, 87.66413177577246, 274.23530042647684, 143.27944723511465, 229.92390045404153], [84.50443775329198, 242.20652344641752, 171.26587517658035, 154.0519392932137, 87.05170877128145, 62.20128616033595, 150.8011936292283, 136.5283853270081, 151.25144627407698, 122.3315167894194, 228.02192877001983, 84.95881355103778, 107.70329614269008, 151.02979838429238, 136.01470508735443, 113.75851616472501, 81.8413098624405, 137.03284277865654, 255.0019607767752, 182.3951753747889, 0.0, 89.10667763978185, 214.03737991294886, 170.4494059831245, 94.76286192385707, 204.08821622033938, 96.13012014972206, 104.10091258005379, 59.20304046246274, 79.40403012442127], [71.78439941937245, 240.97302753627844, 237.06539182259397, 163.2666530556684, 116.66190466471906, 104.65658125507444, 109.11003620199197, 157.74663229368798, 176.69465187152667, 177.867928531256, 217.07602354935472, 153.05554547287727, 98.48857801796105, 84.86459803710851, 69.57010852370435, 151.34397906755325, 152.2957648787385, 131.0953851209111, 275.0890764825096, 195.50959055759898, 89.10667763978185, 0.0, 216.92394980729998, 152.08221460775746, 128.06248474865697, 243.24473272817235, 116.67476162392619, 175.4223474931287, 61.587336360651285, 165.41160781517118], [274.85450696686786, 28.635642126552707, 162.80049139974977, 60.0, 127.1927670899568, 152.26621424334422, 325.7376244771242, 79.62411694957753, 71.58910531638176, 131.2288078129189, 34.785054261852174, 162.85576440519384, 119.54915307102765, 166.93112352104984, 170.85666507338834, 109.11003620199197, 289.9137802864845, 86.03487664894976, 68.60029154456998, 35.77708763999664, 214.03737991294886, 216.92394980729998, 0.0, 71.449282711585, 121.06196760337245, 92.34717104492157, 118.00423721205946, 308.5012155567624, 170.03823099526764, 264.9698096010185], [216.33307652783935, 90.82400563727631, 184.81612483763422, 49.64876634922564, 93.60021367496978, 115.6027681329474, 261.01340961720723, 70.00714249274856, 80.06247560499239, 132.82319074619463, 65.0, 147.98986451781082, 63.34824385884742, 95.4829827770373, 99.86490875177326, 97.09788875150684, 251.6445906432324, 35.22782990761707, 138.68309197591464, 68.00735254367721, 170.4494059831245, 152.08221460775746, 71.449282711585, 0.0, 94.06912352095134, 139.08630414242805, 81.60882305241266, 272.8552729928451, 116.2497311824849, 236.32604596192948], [166.83225107874077, 149.6262009141447, 116.10340218959993, 62.0966987850401, 11.40175425099138, 32.7566787083184, 227.03523955544875, 42.0, 56.753854494650845, 54.74486277268398, 139.86421987055874, 54.644304369257, 52.3450093132096, 131.00381673829202, 122.80065146407001, 23.345235059857504, 168.86088949191284, 59.54829972383762, 160.85397104206038, 88.0, 94.76286192385707, 128.06248474865697, 121.06196760337245, 94.06912352095134, 0.0, 116.82465493208187, 17.11724276862369, 187.7578227398262, 67.17886572427373, 146.15402833996743], [282.4907078117792, 109.41663493271945, 81.6333265278342, 93.637599285757, 127.91403363196706, 147.02720836634285, 343.80372307466365, 87.65842800324451, 68.79680225126747, 84.92938243034621, 127.12985487288185, 125.92855117089213, 150.90394295710104, 223.28905033610582, 221.0701246211256, 93.81364506296512, 263.2299375071156, 128.4445405612866, 69.35416353759881, 72.11102550927978, 204.08821622033938, 243.24473272817235, 92.34717104492157, 139.08630414242805, 116.82465493208187, 0.0, 126.57408897558773, 276.63152387246106, 183.6327857437228, 227.56317804073663], [161.55494421403512, 146.08559134972896, 132.51792331605563, 58.008620049092706, 12.041594578792296, 35.4400902933387, 219.20766409959302, 43.46262762420146, 61.40032573203501, 71.34423592694787, 132.90974381135493, 70.2353187506115, 35.22782990761707, 114.03946685248927, 106.21205204683694, 36.76955262170047, 174.14074767268, 46.400431032480725, 164.34415109762804, 87.66413177577246, 96.13012014972206, 116.67476162392619, 118.00423721205946, 81.60882305241266, 17.11724276862369, 126.57408897558773, 0.0, 194.18032856085088, 57.982756057296896, 155.23530526268823], [124.04031602668546, 337.13053851586926, 217.27632176562636, 249.8259394058191, 183.24027941476186, 158.75137794677562, 175.0028571195339, 228.8864347225497, 239.64139876073165, 192.37463450257678, 326.92047962769175, 152.029602380589, 211.0852908186641, 251.10356429170812, 235.49309968659378, 200.5642041840966, 23.345235059857504, 238.4386713601634, 338.0014792867037, 274.23530042647684, 104.10091258005379, 175.4223474931287, 308.5012155567624, 272.8552729928451, 187.7578227398262, 276.63152387246106, 194.18032856085088, 0.0, 163.0828010551695, 50.0], [105.08092119885512, 196.72569735548024, 176.08236708995025, 111.68258592994702, 55.86591089385369, 43.657759905886145, 161.22654868228122, 101.11874208078342, 119.36498649101419, 116.36150566231085, 178.0028089666003, 94.36630754670864, 53.150729063673246, 94.89467845985885, 81.02468759581859, 90.52071586106685, 140.45995870709916, 86.05230967266364, 221.55134844996994, 143.27944723511465, 59.20304046246274, 61.587336360651285, 170.03823099526764, 116.2497311824849, 67.17886572427373, 183.6327857437228, 57.982756057296896, 163.0828010551695, 0.0, 136.23509092741122], [133.63382805263043, 293.5523803344132, 167.37084572887835, 207.8677464158401, 143.55835050598765, 120.7393887677091, 195.24855953373896, 185.64751546950473, 194.58674158328466, 144.01388821915754, 285.97377502141694, 104.58011283222064, 177.6091213873882, 230.05434140654683, 215.23243250030885, 155.95512174981621, 44.553338819890925, 201.1889659002203, 290.2912330746487, 229.92390045404153, 79.40403012442127, 165.41160781517118, 264.9698096010185, 236.32604596192948, 146.15402833996743, 227.56317804073663, 155.23530526268823, 50.0, 136.23509092741122, 0.0]]}, {"N": 30, "total": 300, "R": 40000, "r": [14986.535511468366, 5064.472871982546, 32130.373868185066, 32618.539999256172, 13278.759295685644, 5456.340432592763, 33250.91691493693, 39622.76250034613, 2003.2407807097964, 23052.06609414868, 34621.749033969834, 27322.83724818468, 36575.906778569566, 25152.64438156949, 1714.7009772806098, 15559.044783194253, 34275.14327526771, 2144.514724234674, 6854.803095324033, 8787.997817849926, 2877.0523999697684, 37317.790986595704, 27877.33589262156, 19952.495347908945, 22138.32690375706, 12908.51927544527, 13352.835742077996, 39509.38373961383, 11176.48328034262, 11650.424403544046], "phi": [4.365886289177324, 0.2645216577617328, 1.0519582671166856, 1.358966592624381, 1.3285668476899115, 1.8360436158523687, 1.2776718701144814, 2.5567664161543893, 3.548338298149566, 6.1607876198739495, 1.7964088744554867, 1.8674071553071612, 1.8436234760295043, 1.2856375321651883, 5.219370614883076, 0.5907093810731595, 2.69842029128736, 0.22401336407426228, 1.557219267861153, 3.207613352590227, 1.7516575247064026, 4.799180453846454, 0.660209040413764, 0.39528641224881245, 3.513545393543909, 5.699325868536857, 3.5224855069350354, 0.5739821016975243, 0.3355121727510775, 1.011725581019005], "x": [-41, 68, 88, 37, 27, -19, 52, -165, -41, 150, -41, -48, -51, 44, 20, 103, -167, 45, 1, -93, -9, 16, 131, 130, -138, 94, -107, 166, 99, 57], "y": [-115, 18, 155, 176, 111, 71, 174, 109, -17, -18, 181, 158, 184, 152, -36, 69, 79, 10, 82, -6, 52, -192, 102, 54, -54, -62, -42, 107, 34, 91], "xy": [[-41, -115], [68, 18], [88, 155], [37, 176], [27, 111], [-19, 71], [52, 174], [-165, 109], [-41, -17], [150, -18], [-41, 181], [-48, 158], [-51, 184], [44, 152], [20, -36], [103, 69], [-167, 79], [45, 10], [1, 82], [-93, -6], [-9, 52], [16, -192], [131, 102], [130, 54], [-138, -54], [94, -62], [-107, -42], [166, 107], [99, 34], [57, 91]], "city_start": [-41, -115], "distance": [[0.0, 171.95929750961417, 299.23402212983734, 301.27230207903284, 236.00847442411893, 187.29655629509048, 303.5951251255527, 256.03124809288414, 98.0, 214.21951358361358, 296.0, 273.0897288438362, 299.16717734403954, 280.2034974799565, 99.80981915623332, 233.64930986416374, 231.32660893204655, 151.72672803431834, 201.42740627829173, 120.7683733433551, 170.03823099526764, 95.80187889597991, 276.89889851713025, 240.4204650190994, 114.58621208504974, 145.03103116229988, 98.41239759298622, 303.5341825890455, 204.45292856792244, 228.12277396174193], [171.95929750961417, 0.0, 138.45215780189199, 161.01242188104618, 101.6366075781753, 101.87246929372037, 156.81836627130127, 250.13996082193665, 114.48143954370944, 89.55445270895244, 196.08671551127577, 181.8130908378162, 204.2473990042468, 136.13228860193308, 72.24956747275377, 61.85466837676846, 242.78797334299736, 24.351591323771842, 92.65527507918802, 162.77899127344412, 84.17244204607586, 216.34232133357543, 105.0, 71.69379331573968, 218.22007240398395, 84.11896337925236, 185.0, 132.38202294873727, 34.88552708502482, 73.824115301167], [299.23402212983734, 138.45215780189199, 0.0, 55.154328932550705, 75.21303078589507, 136.03308421115798, 40.70626487409524, 257.14781741247583, 215.0, 183.77431811871864, 131.59407281484982, 136.03308421115798, 141.9929575718458, 44.10215414239989, 202.74368054269902, 87.29833904490967, 266.0845730214362, 151.24152868838638, 113.56936206565572, 242.24367896810023, 141.48498153514387, 354.39102697444247, 68.24954212300622, 109.38464243210744, 307.82624969290714, 217.0829334609241, 277.1894658893083, 91.58602513484249, 121.49897118905987, 71.11258679024411], [301.27230207903284, 161.01242188104618, 55.154328932550705, 0.0, 65.76473218982953, 119.0, 15.132745950421556, 212.82152146810716, 208.16579930430456, 224.51057881534223, 78.16009211867653, 86.88498144098322, 88.36288813749809, 25.0, 212.6805115660577, 125.7179382586272, 225.88713996153035, 166.19265928433782, 100.65783625729296, 223.6604569431083, 132.25732493892352, 368.5986977730659, 119.63277142990545, 153.40469353966978, 289.0069203323685, 244.7304639802736, 261.2661478263114, 146.2942240828393, 154.94515158597252, 87.32124598286491], [236.00847442411893, 101.6366075781753, 75.21303078589507, 65.76473218982953, 0.0, 60.959002616512684, 67.77905281132217, 192.01041638411183, 144.9413674559475, 178.24140933015536, 97.59098319004681, 88.50988645343524, 106.83164325236227, 44.384682042344295, 147.16657229140046, 86.83317338436964, 196.6214637317096, 102.59142264341595, 38.948684188300895, 167.59773268156107, 69.1158447825099, 303.19960422137757, 104.38869670610895, 117.72000679578642, 233.3452377915607, 185.52088831180168, 203.38387350033435, 139.05754204644924, 105.41821474489122, 36.05551275463989], [187.29655629509048, 101.87246929372037, 136.03308421115798, 119.0, 60.959002616512684, 0.0, 125.09996003196804, 150.86417732516887, 90.70832376358854, 191.0026177831079, 112.17842929904127, 91.706052144883, 117.44360348695028, 102.61578825892242, 113.8859078200635, 122.01639234135715, 148.21605850919124, 88.41379982785493, 22.825424421026653, 106.7941945987702, 21.470910553583888, 265.31867631209076, 153.16984037335808, 149.96666296213968, 172.58621034138272, 174.52220489095365, 143.22360140703069, 188.47015678881365, 123.664869708418, 78.587530817554], [303.5951251255527, 156.81836627130127, 40.70626487409524, 15.132745950421556, 67.77905281132217, 125.09996003196804, 0.0, 226.52593670482858, 212.43822631532208, 215.56437553547664, 93.26306878931231, 101.27191120937731, 103.4842983258813, 23.40939982143925, 212.4241040936739, 116.73045875006231, 238.71740615212792, 164.14932226482082, 105.19030373565806, 231.1384866265244, 136.40014662748717, 367.7662300973269, 106.88779163215975, 143.12232530251876, 296.78948768445287, 239.70815588961506, 268.21073804007176, 132.23085872821065, 147.6787053031005, 83.15046602394962], [256.03124809288414, 250.13996082193665, 257.14781741247583, 212.82152146810716, 192.01041638411183, 150.86417732516887, 226.52593670482858, 0.0, 176.7823520603796, 339.6380426277363, 143.38758663147937, 126.84636376341263, 136.4587849865299, 213.37759957408838, 235.05318547086316, 270.9686328710392, 30.066592756745816, 232.16588896735024, 168.1814496310458, 135.67977004697494, 166.0873264279969, 351.2292698509052, 296.08275870100914, 300.0833217624732, 165.22106403240477, 310.35785796399614, 161.75598906995685, 331.0060422409235, 274.4467161399458, 222.72853431924702], [98.0, 114.48143954370944, 215.0, 208.16579930430456, 144.9413674559475, 90.70832376358854, 212.43822631532208, 176.7823520603796, 0.0, 191.0026177831079, 198.0, 175.13994404475525, 201.2486024796197, 189.1718795170149, 63.89053137985315, 167.72596698186004, 158.40454538932903, 90.13878188659973, 107.54068997360952, 53.150729063673246, 76.05918747922567, 184.04890654388578, 209.15305400591214, 185.15398996510984, 103.81714694596457, 142.30249470757707, 70.57619995437555, 241.29857024027308, 149.0, 145.83552379307312], [214.21951358361358, 89.55445270895244, 183.77431811871864, 224.51057881534223, 178.24140933015536, 191.0026177831079, 215.56437553547664, 339.6380426277363, 191.0026177831079, 0.0, 275.82965757873103, 264.9150807334305, 284.96491012052695, 200.33971149025845, 131.24023773218335, 98.88377015466189, 331.5086725864046, 108.66922287382016, 179.44637081869334, 243.29611587528478, 173.72679701186, 219.61784991206886, 121.49485585818027, 74.72616676907762, 290.24127893874777, 71.21797525905943, 258.11818998280614, 126.01983970788092, 72.83543093852057, 143.28293687665675], [296.0, 196.08671551127577, 131.59407281484982, 78.16009211867653, 97.59098319004681, 112.17842929904127, 93.26306878931231, 143.38758663147937, 198.0, 275.82965757873103, 0.0, 24.041630560342615, 10.44030650891055, 89.81091247727082, 225.41073621280776, 182.42806801586207, 162.11107303327555, 191.40794131905812, 107.54068997360952, 194.09533739891847, 132.90974381135493, 377.33009421460144, 189.274932307477, 213.00234740490538, 254.23217734976035, 277.98201380664904, 232.56181973832247, 219.82947936980608, 203.0, 133.05637902783917], [273.0897288438362, 181.8130908378162, 136.03308421115798, 86.88498144098322, 88.50988645343524, 91.706052144883, 101.27191120937731, 126.84636376341263, 175.13994404475525, 264.9150807334305, 24.041630560342615, 0.0, 26.1725046566048, 92.19544457292888, 205.5723716845238, 175.27692375210148, 142.8355697996826, 174.79416466232504, 90.4267659490264, 170.06175348972502, 112.94689017409908, 355.8033164544704, 187.55532517100121, 206.15528128088303, 230.31283073246266, 261.8472837361503, 208.5209821576716, 219.9931817125249, 192.31484602078956, 124.55520864259351], [299.16717734403954, 204.2473990042468, 141.9929575718458, 88.36288813749809, 106.83164325236227, 117.44360348695028, 103.4842983258813, 136.4587849865299, 201.2486024796197, 284.96491012052695, 10.44030650891055, 26.1725046566048, 0.0, 100.24470060806208, 231.1730953203681, 192.20041623263984, 156.46405337968207, 198.72594194015034, 114.49017425089369, 194.58674158328466, 138.52075656738234, 381.9227670616142, 199.61963831246663, 222.84748147555987, 253.40284134160768, 285.55384781158176, 232.83470531688354, 230.25637884757938, 212.13203435596427, 142.52368224263643], [280.2034974799565, 136.13228860193308, 44.10215414239989, 25.0, 44.384682042344295, 102.61578825892242, 23.40939982143925, 213.37759957408838, 189.1718795170149, 200.33971149025845, 89.81091247727082, 92.19544457292888, 100.24470060806208, 0.0, 189.52572384771415, 101.83319694480774, 223.27113561766106, 142.00352108310554, 82.15229759416349, 209.124364912365, 113.17685275708986, 345.1376536977674, 100.34440691936945, 130.38404810405297, 274.8817927764587, 219.76350925483513, 245.83937845674765, 130.034610777285, 130.18832512940628, 62.369864518050704], [99.80981915623332, 72.24956747275377, 202.74368054269902, 212.6805115660577, 147.16657229140046, 113.8859078200635, 212.4241040936739, 235.05318547086316, 63.89053137985315, 131.24023773218335, 225.41073621280776, 205.5723716845238, 231.1730953203681, 189.52572384771415, 0.0, 133.843191832831, 219.5313189501671, 52.354560450833695, 119.5198728245642, 116.91449867317569, 92.65527507918802, 156.05127362504928, 177.1016657177453, 142.12670403551894, 159.02201105507376, 78.43468620451031, 127.1416532848303, 204.36486977951958, 105.55093557141026, 132.2800060477773], [233.64930986416374, 61.85466837676846, 87.29833904490967, 125.7179382586272, 86.83317338436964, 122.01639234135715, 116.73045875006231, 270.9686328710392, 167.72596698186004, 98.88377015466189, 182.42806801586207, 175.27692375210148, 192.20041623263984, 101.83319694480774, 133.843191832831, 0.0, 270.1851217221259, 82.73451516749222, 102.82509421342633, 209.85947679340097, 113.28283188550682, 275.118156434649, 43.278170016764804, 30.886890422961002, 270.57346507002495, 131.30879635424276, 237.5310506018108, 73.57309290766564, 35.22782990761707, 50.99019513592785], [231.32660893204655, 242.78797334299736, 266.0845730214362, 225.88713996153035, 196.6214637317096, 148.21605850919124, 238.71740615212792, 30.066592756745816, 158.40454538932903, 331.5086725864046, 162.11107303327555, 142.8355697996826, 156.46405337968207, 223.27113561766106, 219.5313189501671, 270.1851217221259, 0.0, 222.94618184665106, 168.02678357928536, 112.69871339105873, 160.29036153181514, 327.00152904841286, 298.88626599427414, 298.0503313200641, 136.12494260788506, 296.6513104639856, 135.05924625881784, 334.17510380038783, 269.77953962448674, 224.32119828495925], [151.72672803431834, 24.351591323771842, 151.24152868838638, 166.19265928433782, 102.59142264341595, 88.41379982785493, 164.14932226482082, 232.16588896735024, 90.13878188659973, 108.66922287382016, 191.40794131905812, 174.79416466232504, 198.72594194015034, 142.00352108310554, 52.354560450833695, 82.73451516749222, 222.94618184665106, 0.0, 84.38009243891595, 138.92443989449805, 68.41052550594829, 204.07106605298068, 125.93649193144932, 95.71311299921238, 193.86851214160592, 87.09190547921202, 160.64868502418562, 155.08062419270823, 59.09314681077663, 81.88406438373708], [201.42740627829173, 92.65527507918802, 113.56936206565572, 100.65783625729296, 38.948684188300895, 22.825424421026653, 105.19030373565806, 168.1814496310458, 107.54068997360952, 179.44637081869334, 107.54068997360952, 90.4267659490264, 114.49017425089369, 82.15229759416349, 119.5198728245642, 102.82509421342633, 168.02678357928536, 84.38009243891595, 0.0, 128.76334882255898, 31.622776601683793, 274.4102767754881, 131.52946437965906, 132.00378782444085, 194.4659353203023, 171.42053552593984, 164.43843832875572, 166.88319268278636, 109.12378292562992, 56.71860364994893], [120.7683733433551, 162.77899127344412, 242.24367896810023, 223.6604569431083, 167.59773268156107, 106.7941945987702, 231.1384866265244, 135.67977004697494, 53.150729063673246, 243.29611587528478, 194.09533739891847, 170.06175348972502, 194.58674158328466, 209.124364912365, 116.91449867317569, 209.85947679340097, 112.69871339105873, 138.92443989449805, 128.76334882255898, 0.0, 102.07840124139877, 215.58524995926786, 248.67649667791284, 230.93072554339753, 65.79513659838392, 195.2050204272421, 38.62641583165593, 282.57742301889584, 196.1224107541002, 178.63090438107287], [170.03823099526764, 84.17244204607586, 141.48498153514387, 132.25732493892352, 69.1158447825099, 21.470910553583888, 136.40014662748717, 166.0873264279969, 76.05918747922567, 173.72679701186, 132.90974381135493, 112.94689017409908, 138.52075656738234, 113.17685275708986, 92.65527507918802, 113.28283188550682, 160.29036153181514, 68.41052550594829, 31.622776601683793, 102.07840124139877, 0.0, 245.27739398485136, 148.66068747318505, 139.01438774457844, 166.96406799069075, 153.63918770938616, 135.79396157414365, 183.43936327844142, 109.48972554536796, 76.66159403508382], [95.80187889597991, 216.34232133357543, 354.39102697444247, 368.5986977730659, 303.19960422137757, 265.31867631209076, 367.7662300973269, 351.2292698509052, 184.04890654388578, 219.61784991206886, 377.33009421460144, 355.8033164544704, 381.9227670616142, 345.1376536977674, 156.05127362504928, 275.118156434649, 327.00152904841286, 204.07106605298068, 274.4102767754881, 215.58524995926786, 245.27739398485136, 0.0, 315.69130491668597, 271.1309646646801, 206.7849124090053, 151.6047492659778, 193.98195792392653, 334.51606837340415, 240.75921581530375, 285.9545418418809], [276.89889851713025, 105.0, 68.24954212300622, 119.63277142990545, 104.38869670610895, 153.16984037335808, 106.88779163215975, 296.08275870100914, 209.15305400591214, 121.49485585818027, 189.274932307477, 187.55532517100121, 199.61963831246663, 100.34440691936945, 177.1016657177453, 43.278170016764804, 298.88626599427414, 125.93649193144932, 131.52946437965906, 248.67649667791284, 148.66068747318505, 315.69130491668597, 0.0, 48.010415536631214, 310.9614123971011, 168.12197952677099, 278.1726082848561, 35.35533905932738, 75.15317691222374, 74.81310045707235], [240.4204650190994, 71.69379331573968, 109.38464243210744, 153.40469353966978, 117.72000679578642, 149.96666296213968, 143.12232530251876, 300.0833217624732, 185.15398996510984, 74.72616676907762, 213.00234740490538, 206.15528128088303, 222.84748147555987, 130.38404810405297, 142.12670403551894, 30.886890422961002, 298.0503313200641, 95.71311299921238, 132.00378782444085, 230.93072554339753, 139.01438774457844, 271.1309646646801, 48.010415536631214, 0.0, 288.9429009337312, 121.45781160551181, 255.70490804832042, 64.07027391856539, 36.89173349139343, 81.8413098624405], [114.58621208504974, 218.22007240398395, 307.82624969290714, 289.0069203323685, 233.3452377915607, 172.58621034138272, 296.78948768445287, 165.22106403240477, 103.81714694596457, 290.24127893874777, 254.23217734976035, 230.31283073246266, 253.40284134160768, 274.8817927764587, 159.02201105507376, 270.57346507002495, 136.12494260788506, 193.86851214160592, 194.4659353203023, 65.79513659838392, 166.96406799069075, 206.7849124090053, 310.9614123971011, 288.9429009337312, 0.0, 232.13789005675054, 33.24154027718932, 344.0014534853014, 252.81020549020565, 243.00205760445732], [145.03103116229988, 84.11896337925236, 217.0829334609241, 244.7304639802736, 185.52088831180168, 174.52220489095365, 239.70815588961506, 310.35785796399614, 142.30249470757707, 71.21797525905943, 277.98201380664904, 261.8472837361503, 285.55384781158176, 219.76350925483513, 78.43468620451031, 131.30879635424276, 296.6513104639856, 87.09190547921202, 171.42053552593984, 195.2050204272421, 153.63918770938616, 151.6047492659778, 168.12197952677099, 121.45781160551181, 232.13789005675054, 0.0, 201.9925741209315, 183.69812192834198, 96.13012014972206, 157.4102919125684], [98.41239759298622, 185.0, 277.1894658893083, 261.2661478263114, 203.38387350033435, 143.22360140703069, 268.21073804007176, 161.75598906995685, 70.57619995437555, 258.11818998280614, 232.56181973832247, 208.5209821576716, 232.83470531688354, 245.83937845674765, 127.1416532848303, 237.5310506018108, 135.05924625881784, 160.64868502418562, 164.43843832875572, 38.62641583165593, 135.79396157414365, 193.98195792392653, 278.1726082848561, 255.70490804832042, 33.24154027718932, 201.9925741209315, 0.0, 311.01446911679204, 219.57231155134292, 211.15160430363773], [303.5341825890455, 132.38202294873727, 91.58602513484249, 146.2942240828393, 139.05754204644924, 188.47015678881365, 132.23085872821065, 331.0060422409235, 241.29857024027308, 126.01983970788092, 219.82947936980608, 219.9931817125249, 230.25637884757938, 130.034610777285, 204.36486977951958, 73.57309290766564, 334.17510380038783, 155.08062419270823, 166.88319268278636, 282.57742301889584, 183.43936327844142, 334.51606837340415, 35.35533905932738, 64.07027391856539, 344.0014534853014, 183.69812192834198, 311.01446911679204, 0.0, 99.08582138732059, 110.16805344563369], [204.45292856792244, 34.88552708502482, 121.49897118905987, 154.94515158597252, 105.41821474489122, 123.664869708418, 147.6787053031005, 274.4467161399458, 149.0, 72.83543093852057, 203.0, 192.31484602078956, 212.13203435596427, 130.18832512940628, 105.55093557141026, 35.22782990761707, 269.77953962448674, 59.09314681077663, 109.12378292562992, 196.1224107541002, 109.48972554536796, 240.75921581530375, 75.15317691222374, 36.89173349139343, 252.81020549020565, 96.13012014972206, 219.57231155134292, 99.08582138732059, 0.0, 70.80254232723568], [228.12277396174193, 73.824115301167, 71.11258679024411, 87.32124598286491, 36.05551275463989, 78.587530817554, 83.15046602394962, 222.72853431924702, 145.83552379307312, 143.28293687665675, 133.05637902783917, 124.55520864259351, 142.52368224263643, 62.369864518050704, 132.2800060477773, 50.99019513592785, 224.32119828495925, 81.88406438373708, 56.71860364994893, 178.63090438107287, 76.66159403508382, 285.9545418418809, 74.81310045707235, 81.8413098624405, 243.00205760445732, 157.4102919125684, 211.15160430363773, 110.16805344563369, 70.80254232723568, 0.0]]}, {"N": 30, "total": 300, "R": 40000, "r": [26512.7146858712, 1027.9385137066433, 15469.709939629194, 33051.09201214186, 36534.97287907545, 2328.1989850088758, 1725.9424533860113, 7413.9607196757715, 38207.770562712234, 18537.13685814598, 39773.05510995833, 35930.443160934825, 4610.242283050985, 3475.531414611366, 30421.222778772455, 9658.632402233636, 31117.245203141116, 28055.514533190537, 6414.502116536122, 5348.543340110017, 39821.619463186995, 27975.999477122867, 2073.6439887095057, 15622.36384016332, 23308.93824568819, 31592.108008986765, 11118.42472034014, 35881.54146515362, 35089.595142655744, 14431.175685795133], "phi": [3.6017330462806623, 5.764168608416247, 5.61267640845383, 1.1611584545690867, 3.0456671438184464, 2.6098501468184367, 4.277348293710169, 1.9395584789440798, 4.6930755901470596, 6.00845080144593, 0.1698687680666201, 6.255120676527901, 2.993568647910213, 2.4568505004305092, 0.07771225431023812, 2.0437645850227497, 3.294359541672457, 4.318972136030509, 2.037612369157295, 3.506103192903411, 3.4549652519336336, 0.7358085864037742, 2.3492987953865905, 5.930959254455178, 0.2605892805444346, 2.7079313144661907, 1.813062837113098, 4.025019299837431, 2.104568020453042, 2.2080429781964463], "x": [-145, 27, 97, 72, -190, -41, -17, -31, -3, 131, 196, 189, -67, -45, 173, -44, -174, -64, -36, -68, -189, 123, -31, 117, 147, -161, -25, -120, -95, -71], "y": [-72, -15, -77, 166, 18, 24, -37, 80, -195, -36, 33, -5, 10, 37, 13, 87, -26, -154, 71, -26, -61, 112, 32, -43, 39, 74, 102, -146, 161, 96], "xy": [[-145, -72], [27, -15], [97, -77], [72, 166], [-190, 18], [-41, 24], [-17, -37], [-31, 80], [-3, -195], [131, -36], [196, 33], [189, -5], [-67, 10], [-45, 37], [173, 13], [-44, 87], [-174, -26], [-64, -154], [-36, 71], [-68, -26], [-189, -61], [123, 112], [-31, 32], [117, -43], [147, 39], [-161, 74], [-25, 102], [-120, -146], [-95, 161], [-71, 96]], "city_start": [-145, -72], "distance": [[0.0, 181.19878586789702, 242.05164738129753, 322.07607796916557, 100.62305898749054, 141.53444810363305, 132.69890730522238, 190.0, 187.8643127366132, 278.33792411383683, 356.79966367697153, 340.6537831875642, 113.17243480636087, 147.92227688891217, 329.1640928169414, 188.36666371733614, 54.378304497290095, 115.26057435220423, 179.8054504179448, 8