{
 "cells": [
  {
   "cell_type": "markdown",
   "metadata": {},
   "source": [
    "- For each candidate move a, calculate V_opt(a)\n",
    "- Do a softmax to turn into probabilities, p(a) \\propto exp(beta * V_opt(a)). For example with beta = 1.\n",
    "- Calculate the entropy of that distribution. This is a measure of difficulty\n",
    "\n",
    "- alternative metrics: difficulty = V_opt_max - V_opt(second best action)\n",
    "\n",
    "- difficulty = average of (V_opt_max - V_opt(a)) for all candidate actions a"
   ]
  },
  {
   "cell_type": "code",
   "execution_count": 1,
   "metadata": {},
   "outputs": [],
   "source": [
    "import pandas as pd\n",
    "import numpy as np\n",
    "\n",
    "import matplotlib as mpl\n",
    "import matplotlib.pyplot as plt\n",
    "import seaborn as sns\n",
    "\n",
    "from scipy import stats\n",
    "from scipy.stats import sem\n",
    "from scipy.stats import shapiro\n",
    "from scipy.stats import normaltest\n",
    "from scipy.stats import ttest_rel,ttest_ind,wilcoxon\n",
    "import json\n",
    "import statsmodels.api as sm\n",
    "import pylab as py"
   ]
  },
  {
   "cell_type": "code",
   "execution_count": 2,
   "metadata": {},
   "outputs": [],
   "source": [
    "# home_dir = '/Users/dbao/google_drive_db'+'/road_construction/data/2022_online/'\n",
    "# home_dir = '../../../2022_online/'\n",
    "home_dir = '/Users/dbao/Library/CloudStorage/GoogleDrive-sherrydbao@gmail.com/.shortcut-targets-by-id/1sYZNVBbYCrHcHjo-9xdKcA4wLnob9ZEq/'+'/road_construction/data/2022_online/'\n",
    "map_dir = 'active_map/'\n",
    "data_dir  = 'data/preprocessed'\n",
    "# out_dir = home_dir + 'figures/cogsci_2022/'\n",
    "out_dir = './figures_dk/'\n",
    "R_out_dir = home_dir + 'R_analysis_data/'"
   ]
  },
  {
   "cell_type": "code",
   "execution_count": 3,
   "metadata": {},
   "outputs": [],
   "source": [
    "data_puzzle_level = pd.read_csv(R_out_dir +  'data.csv')\n",
    "puzzleID_order_data = data_puzzle_level.sort_values([\"subjects\",\"puzzleID\"])\n",
    "data_choice_level = pd.read_csv(R_out_dir +  'choice_level/choicelevel_data.csv')\n",
    "\n",
    "single_condition_data = puzzleID_order_data[puzzleID_order_data['condition']==1].copy()\n",
    "single_condition_data = single_condition_data.reset_index()\n",
    "sc_data_choice_level = data_choice_level[data_choice_level['condition']==1].reset_index()"
   ]
  },
  {
   "cell_type": "markdown",
   "metadata": {},
   "source": [
    "- For each candidate move a, calculate V_opt(a)\n",
    "- Do a softmax to turn into probabilities, p(a) \\propto exp(beta * V_opt(a)). For example with beta = 1.\n",
    "- Calculate the entropy of that distribution. This is a measure of difficulty\n"
   ]
  },
  {
   "cell_type": "code",
   "execution_count": 4,
   "metadata": {},
   "outputs": [],
   "source": [
    "with open(home_dir + map_dir + 'tree/map_tree', 'r') as file:\n",
    "    map_tree = json.load(file)\n",
    "\n",
    "with open(home_dir + map_dir + '/basicMap.json', 'r') as file:\n",
    "    map = json.load(file)\n",
    "    \n",
    "    "
   ]
  },
  {
   "cell_type": "code",
   "execution_count": 5,
   "metadata": {},
   "outputs": [
    {
     "data": {
      "text/plain": [
       "[{'N': 30,\n",
       "  'total': 300,\n",
       "  'R': 40000,\n",
       "  'r': [18982.155991132306,\n",
       "   26990.116554045977,\n",
       "   29266.131786108195,\n",
       "   6839.055070905809,\n",
       "   2063.3558417720856,\n",
       "   2557.945669618258,\n",
       "   35762.392061821636,\n",
       "   5878.185532928981,\n",
       "   9291.704998676767,\n",
       "   11979.02868213077,\n",
       "   20861.428631246352,\n",
       "   10104.594529867396,\n",
       "   370.071962068943,\n",
       "   6286.010530444677,\n",
       "   4835.031884066341,\n",
       "   5845.824428837712,\n",
       "   30084.980971066165,\n",
       "   2865.8847900062055,\n",
       "   37889.392540550696,\n",
       "   13143.263902125194,\n",
       "   8318.457564931188,\n",
       "   6783.337557139482,\n",
       "   19121.375552396137,\n",
       "   6876.605251334906,\n",
       "   3082.6485790863912,\n",
       "   26730.272653767715,\n",
       "   1605.3327527372296,\n",
       "   38371.19466097632,\n",
       "   1195.7817679879668,\n",
       "   26978.85264274518],\n",
       "  'phi': [1.3906969142684467,\n",
       "   4.519419210448505,\n",
       "   3.3487273404459437,\n",
       "   4.2374200916668014,\n",
       "   3.2888507610062527,\n",
       "   2.7350422614845797,\n",
       "   1.1325905653207466,\n",
       "   3.9486396921260694,\n",
       "   3.9358423548806423,\n",
       "   3.3483054484454255,\n",
       "   4.681038599197451,\n",
       "   2.9555189221191998,\n",
       "   4.6278471082758275,\n",
       "   6.131060085420793,\n",
       "   0.027905138714412865,\n",
       "   3.531962349681755,\n",
       "   2.041207483462974,\n",
       "   4.5613250080423215,\n",
       "   4.1915146051158105,\n",
       "   4.226377530049585,\n",
       "   2.0380499528325045,\n",
       "   0.9608521039591228,\n",
       "   4.4391802884269245,\n",
       "   4.864351841128942,\n",
       "   3.385918582817298,\n",
       "   3.8396724449898976,\n",
       "   3.537942521080758,\n",
       "   2.082050864537811,\n",
       "   1.738719817718237,\n",
       "   2.3022292366499295],\n",
       "  'x': [24,\n",
       "   -31,\n",
       "   -167,\n",
       "   -37,\n",
       "   -44,\n",
       "   -46,\n",
       "   80,\n",
       "   -53,\n",
       "   -67,\n",
       "   -107,\n",
       "   -4,\n",
       "   -98,\n",
       "   -1,\n",
       "   78,\n",
       "   69,\n",
       "   -70,\n",
       "   -78,\n",
       "   -8,\n",
       "   -96,\n",
       "   -53,\n",
       "   -41,\n",
       "   47,\n",
       "   -37,\n",
       "   12,\n",
       "   -53,\n",
       "   -125,\n",
       "   -36,\n",
       "   -95,\n",
       "   -5,\n",
       "   -109],\n",
       "  'y': [135,\n",
       "   -161,\n",
       "   -35,\n",
       "   -73,\n",
       "   -6,\n",
       "   19,\n",
       "   171,\n",
       "   -55,\n",
       "   -68,\n",
       "   -22,\n",
       "   -144,\n",
       "   18,\n",
       "   -19,\n",
       "   -12,\n",
       "   1,\n",
       "   -29,\n",
       "   154,\n",
       "   -52,\n",
       "   -168,\n",
       "   -101,\n",
       "   81,\n",
       "   67,\n",
       "   -133,\n",
       "   -81,\n",
       "   -13,\n",
       "   -105,\n",
       "   -15,\n",
       "   170,\n",
       "   34,\n",
       "   122],\n",
       "  'xy': [[24, 135],\n",
       "   [-31, -161],\n",
       "   [-167, -35],\n",
       "   [-37, -73],\n",
       "   [-44, -6],\n",
       "   [-46, 19],\n",
       "   [80, 171],\n",
       "   [-53, -55],\n",
       "   [-67, -68],\n",
       "   [-107, -22],\n",
       "   [-4, -144],\n",
       "   [-98, 18],\n",
       "   [-1, -19],\n",
       "   [78, -12],\n",
       "   [69, 1],\n",
       "   [-70, -29],\n",
       "   [-78, 154],\n",
       "   [-8, -52],\n",
       "   [-96, -168],\n",
       "   [-53, -101],\n",
       "   [-41, 81],\n",
       "   [47, 67],\n",
       "   [-37, -133],\n",
       "   [12, -81],\n",
       "   [-53, -13],\n",
       "   [-125, -105],\n",
       "   [-36, -15],\n",
       "   [-95, 170],\n",
       "   [-5, 34],\n",
       "   [-109, 122]],\n",
       "  'city_start': [24, 135],\n",
       "  'distance': [[0.0,\n",
       "    301.0664378505183,\n",
       "    255.69708641280997,\n",
       "    216.76023620581336,\n",
       "    156.54072952429985,\n",
       "    135.4843164355196,\n",
       "    66.57326790837296,\n",
       "    205.00975586542216,\n",
       "    222.46348014898985,\n",
       "    204.47493733951845,\n",
       "    280.40149785619906,\n",
       "    169.03549923019128,\n",
       "    156.01602481796542,\n",
       "    156.60459763365824,\n",
       "    141.35416513141735,\n",
       "    189.02909828912584,\n",
       "    103.75451797391764,\n",
       "    189.71821209362056,\n",
       "    325.8972230627318,\n",
       "    248.2438317461282,\n",
       "    84.50443775329198,\n",
       "    71.78439941937245,\n",
       "    274.85450696686786,\n",
       "    216.33307652783935,\n",
       "    166.83225107874077,\n",
       "    282.4907078117792,\n",
       "    161.55494421403512,\n",
       "    124.04031602668546,\n",
       "    105.08092119885512,\n",
       "    133.63382805263043],\n",
       "   [301.0664378505183,\n",
       "    0.0,\n",
       "    185.39687160251654,\n",
       "    88.20430828479978,\n",
       "    155.54420593516173,\n",
       "    180.62391868188442,\n",
       "    350.06427981157975,\n",
       "    108.25894882179486,\n",
       "    99.72462083156798,\n",
       "    158.42032697857937,\n",
       "    31.906112267087632,\n",
       "    191.12822920751398,\n",
       "    145.13442045221387,\n",
       "    184.6131089603336,\n",
       "    190.3785702225962,\n",
       "    137.64083696345355,\n",
       "    318.4870484022859,\n",
       "    111.40017953306898,\n",
       "    65.37583651472461,\n",
       "    63.90618123468183,\n",
       "    242.20652344641752,\n",
       "    240.97302753627844,\n",
       "    28.635642126552707,\n",
       "    90.82400563727631,\n",
       "    149.6262009141447,\n",
       "    109.41663493271945,\n",
       "    146.08559134972896,\n",
       "    337.13053851586926,\n",
       "    196.72569735548024,\n",
       "    293.5523803344132],\n",
       "   [255.69708641280997,\n",
       "    185.39687160251654,\n",
       "    0.0,\n",
       "    135.4400236266961,\n",
       "    126.37246535539299,\n",
       "    132.5028301584536,\n",
       "    321.6286678764814,\n",
       "    115.7410903698423,\n",
       "    105.30432089900205,\n",
       "    61.39218191268331,\n",
       "    196.08671551127577,\n",
       "    87.00574693662483,\n",
       "    166.76930173146374,\n",
       "    246.07722365143832,\n",
       "    238.72997298202839,\n",
       "    97.18538984847466,\n",
       "    208.90667772955464,\n",
       "    159.90622251807463,\n",
       "    150.7647173578752,\n",
       "    131.7269904006009,\n",
       "    171.26587517658035,\n",
       "    237.06539182259397,\n",
       "    162.80049139974977,\n",
       "    184.81612483763422,\n",
       "    116.10340218959993,\n",
       "    81.6333265278342,\n",
       "    132.51792331605563,\n",
       "    217.27632176562636,\n",
       "    176.08236708995025,\n",
       "    167.37084572887835],\n",
       "   [216.76023620581336,\n",
       "    88.20430828479978,\n",
       "    135.4400236266961,\n",
       "    0.0,\n",
       "    67.36467917239716,\n",
       "    92.43916918709297,\n",
       "    270.60118255469615,\n",
       "    24.08318915758459,\n",
       "    30.4138126514911,\n",
       "    86.6083136886985,\n",
       "    78.29431652425353,\n",
       "    109.55363982999378,\n",
       "    64.89992295835181,\n",
       "    130.17680284904833,\n",
       "    129.2749008895385,\n",
       "    55.0,\n",
       "    230.67292862405853,\n",
       "    35.805027579936315,\n",
       "    111.83022847155415,\n",
       "    32.2490309931942,\n",
       "    154.0519392932137,\n",
       "    163.2666530556684,\n",
       "    60.0,\n",
       "    49.64876634922564,\n",
       "    62.0966987850401,\n",
       "    93.637599285757,\n",
       "    58.008620049092706,\n",
       "    249.8259394058191,\n",
       "    111.68258592994702,\n",
       "    207.8677464158401],\n",
       "   [156.54072952429985,\n",
       "    155.54420593516173,\n",
       "    126.37246535539299,\n",
       "    67.36467917239716,\n",
       "    0.0,\n",
       "    25.079872407968907,\n",
       "    216.11339616044165,\n",
       "    49.8196748283246,\n",
       "    66.12866246946176,\n",
       "    65.0,\n",
       "    143.68020044529447,\n",
       "    59.09314681077663,\n",
       "    44.9221548904324,\n",
       "    122.14745187681976,\n",
       "    113.21660655575224,\n",
       "    34.713109915419565,\n",
       "    163.5726138447387,\n",
       "    58.412327466040935,\n",
       "    170.14111789923092,\n",
       "    95.42536350467836,\n",
       "    87.05170877128145,\n",
       "    116.66190466471906,\n",
       "    127.1927670899568,\n",
       "    93.60021367496978,\n",
       "    11.40175425099138,\n",
       "    127.91403363196706,\n",
       "    12.041594578792296,\n",
       "    183.24027941476186,\n",
       "    55.86591089385369,\n",
       "    143.55835050598765],\n",
       "   [135.4843164355196,\n",
       "    180.62391868188442,\n",
       "    132.5028301584536,\n",
       "    92.43916918709297,\n",
       "    25.079872407968907,\n",
       "    0.0,\n",
       "    197.43353311937665,\n",
       "    74.33034373659252,\n",
       "    89.49860334105779,\n",
       "    73.49829930005184,\n",
       "    168.32409215557945,\n",
       "    52.009614495783374,\n",
       "    58.89821729050889,\n",
       "    127.81627439414747,\n",
       "    116.40017182117903,\n",
       "    53.665631459994955,\n",
       "    138.74076545846214,\n",
       "    80.52949770115296,\n",
       "    193.56910910576616,\n",
       "    120.20399327809372,\n",
       "    62.20128616033595,\n",
       "    104.65658125507444,\n",
       "    152.26621424334422,\n",
       "    115.6027681329474,\n",
       "    32.7566787083184,\n",
       "    147.02720836634285,\n",
       "    35.4400902933387,\n",
       "    158.75137794677562,\n",
       "    43.657759905886145,\n",
       "    120.7393887677091],\n",
       "   [66.57326790837296,\n",
       "    350.06427981157975,\n",
       "    321.6286678764814,\n",
       "    270.60118255469615,\n",
       "    216.11339616044165,\n",
       "    197.43353311937665,\n",
       "    0.0,\n",
       "    262.23081436017395,\n",
       "    280.58866691297425,\n",
       "    268.73406929527937,\n",
       "    326.0076686214605,\n",
       "    234.71898091121648,\n",
       "    206.54539452623968,\n",
       "    183.0109286354233,\n",
       "    170.35551062410633,\n",
       "    250.0,\n",
       "    158.91192529196795,\n",
       "    239.7352706632881,\n",
       "    381.9646580509773,\n",
       "    302.77549438486597,\n",
       "    150.8011936292283,\n",
       "    109.11003620199197,\n",
       "    325.7376244771242,\n",
       "    261.01340961720723,\n",
       "    227.03523955544875,\n",
       "    343.80372307466365,\n",
       "    219.20766409959302,\n",
       "    175.0028571195339,\n",
       "    161.22654868228122,\n",
       "    195.24855953373896],\n",
       "   [205.00975586542216,\n",
       "    108.25894882179486,\n",
       "    115.7410903698423,\n",
       "    24.08318915758459,\n",
       "    49.8196748283246,\n",
       "    74.33034373659252,\n",
       "    262.23081436017395,\n",
       "    0.0,\n",
       "    19.1049731745428,\n",
       "    63.28506932918696,\n",
       "    101.59724405711013,\n",
       "    85.75546629807339,\n",
       "    63.245553203367585,\n",
       "    137.87675656179326,\n",
       "    134.23859355639868,\n",
       "    31.064449134018133,\n",
       "    210.48990474604713,\n",
       "    45.09988913511872,\n",
       "    120.90492132250036,\n",
       "    46.0,\n",
       "    136.5283853270081,\n",
       "    157.74663229368798,\n",
       "    79.62411694957753,\n",
       "    70.00714249274856,\n",
       "    42.0,\n",
       "    87.65842800324451,\n",
       "    43.46262762420146,\n",
       "    228.8864347225497,\n",
       "    101.11874208078342,\n",
       "    185.64751546950473],\n",
       "   [222.46348014898985,\n",
       "    99.72462083156798,\n",
       "    105.30432089900205,\n",
       "    30.4138126514911,\n",
       "    66.12866246946176,\n",
       "    89.49860334105779,\n",
       "    280.58866691297425,\n",
       "    19.1049731745428,\n",
       "    0.0,\n",
       "    60.959002616512684,\n",
       "    98.71676655968832,\n",
       "    91.4166286842826,\n",
       "    82.20097323024831,\n",
       "    155.43809056984713,\n",
       "    152.50245899656832,\n",
       "    39.11521443121589,\n",
       "    222.27235545609355,\n",
       "    61.1310068623117,\n",
       "    104.12012293500234,\n",
       "    35.84689665786984,\n",
       "    151.25144627407698,\n",
       "    176.69465187152667,\n",
       "    71.58910531638176,\n",
       "    80.06247560499239,\n",
       "    56.753854494650845,\n",
       "    68.79680225126747,\n",
       "    61.40032573203501,\n",
       "    239.64139876073165,\n",
       "    119.36498649101419,\n",
       "    194.58674158328466],\n",
       "   [204.47493733951845,\n",
       "    158.42032697857937,\n",
       "    61.39218191268331,\n",
       "    86.6083136886985,\n",
       "    65.0,\n",
       "    73.49829930005184,\n",
       "    268.73406929527937,\n",
       "    63.28506932918696,\n",
       "    60.959002616512684,\n",
       "    0.0,\n",
       "    159.66527487215245,\n",
       "    41.0,\n",
       "    106.04244433244644,\n",
       "    185.27007313648906,\n",
       "    177.49647883831386,\n",
       "    37.656340767525464,\n",
       "    178.3732042656632,\n",
       "    103.4456378974,\n",
       "    146.4137971640651,\n",
       "    95.69221493935649,\n",
       "    122.3315167894194,\n",
       "    177.867928531256,\n",
       "    131.2288078129189,\n",
       "    132.82319074619463,\n",
       "    54.74486277268398,\n",
       "    84.92938243034621,\n",
       "    71.34423592694787,\n",
       "    192.37463450257678,\n",
       "    116.36150566231085,\n",
       "    144.01388821915754],\n",
       "   [280.40149785619906,\n",
       "    31.906112267087632,\n",
       "    196.08671551127577,\n",
       "    78.29431652425353,\n",
       "    143.68020044529447,\n",
       "    168.32409215557945,\n",
       "    326.0076686214605,\n",
       "    101.59724405711013,\n",
       "    98.71676655968832,\n",
       "    159.66527487215245,\n",
       "    0.0,\n",
       "    187.29655629509048,\n",
       "    125.03599481749245,\n",
       "    155.3962676514465,\n",
       "    162.33915116200404,\n",
       "    132.59336333316233,\n",
       "    307.0504844484047,\n",
       "    92.0869154657707,\n",
       "    95.0789145920377,\n",
       "    65.19202405202648,\n",
       "    228.02192877001983,\n",
       "    217.07602354935472,\n",
       "    34.785054261852174,\n",
       "    65.0,\n",
       "    139.86421987055874,\n",
       "    127.12985487288185,\n",
       "    132.90974381135493,\n",
       "    326.92047962769175,\n",
       "    178.0028089666003,\n",
       "    285.97377502141694],\n",
       "   [169.03549923019128,\n",
       "    191.12822920751398,\n",
       "    87.00574693662483,\n",
       "    109.55363982999378,\n",
       "    59.09314681077663,\n",
       "    52.009614495783374,\n",
       "    234.71898091121648,\n",
       "    85.75546629807339,\n",
       "    91.4166286842826,\n",
       "    41.0,\n",
       "    187.29655629509048,\n",
       "    0.0,\n",
       "    103.81714694596457,\n",
       "    178.53851125177448,\n",
       "    167.86303941010956,\n",
       "    54.70831746635972,\n",
       "    137.46272221951665,\n",
       "    114.0175425099138,\n",
       "    186.01075237738274,\n",
       "    127.22421153223941,\n",
       "    84.95881355103778,\n",
       "    153.05554547287727,\n",
       "    162.85576440519384,\n",
       "    147.98986451781082,\n",
       "    54.644304369257,\n",
       "    125.92855117089213,\n",
       "    70.2353187506115,\n",
       "    152.029602380589,\n",
       "    94.36630754670864,\n",
       "    104.58011283222064],\n",
       "   [156.01602481796542,\n",
       "    145.13442045221387,\n",
       "    166.76930173146374,\n",
       "    64.89992295835181,\n",
       "    44.9221548904324,\n",
       "    58.89821729050889,\n",
       "    206.54539452623968,\n",
       "    63.245553203367585,\n",
       "    82.20097323024831,\n",
       "    106.04244433244644,\n",
       "    125.03599481749245,\n",
       "    103.81714694596457,\n",
       "    0.0,\n",
       "    79.30952023559341,\n",
       "    72.80109889280519,\n",
       "    69.72087205421343,\n",
       "    189.3620870184948,\n",
       "    33.734255586866,\n",
       "    176.70880000724355,\n",
       "    97.09788875150684,\n",
       "    107.70329614269008,\n",
       "    98.48857801796105,\n",
       "    119.54915307102765,\n",
       "    63.34824385884742,\n",
       "    52.3450093132096,\n",
       "    150.90394295710104,\n",
       "    35.22782990761707,\n",
       "    211.0852908186641,\n",
       "    53.150729063673246,\n",
       "    177.6091213873882],\n",
       "   [156.60459763365824,\n",
       "    184.6131089603336,\n",
       "    246.07722365143832,\n",
       "    130.17680284904833,\n",
       "    122.14745187681976,\n",
       "    127.81627439414747,\n",
       "    183.0109286354233,\n",
       "    137.87675656179326,\n",
       "    155.43809056984713,\n",
       "    185.27007313648906,\n",
       "    155.3962676514465,\n",
       "    178.53851125177448,\n",
       "    79.30952023559341,\n",
       "    0.0,\n",
       "    15.811388300841896,\n",
       "    148.9731519435633,\n",
       "    227.7981562699751,\n",
       "    94.847245611035,\n",
       "    233.69210512980536,\n",
       "    158.3729774930054,\n",
       "    151.02979838429238,\n",
       "    84.86459803710851,\n",
       "    166.93112352104984,\n",
       "    95.4829827770373,\n",
       "    131.00381673829202,\n",
       "    223.28905033610582,\n",
       "    114.03946685248927,\n",
       "    251.10356429170812,\n",
       "    94.89467845985885,\n",
       "    230.05434140654683],\n",
       "   [141.35416513141735,\n",
       "    190.3785702225962,\n",
       "    238.72997298202839,\n",
       "    129.2749008895385,\n",
       "    113.21660655575224,\n",
       "    116.40017182117903,\n",
       "    170.35551062410633,\n",
       "    134.23859355639868,\n",
       "    152.50245899656832,\n",
       "    177.49647883831386,\n",
       "    162.33915116200404,\n",
       "    167.86303941010956,\n",
       "    72.80109889280519,\n",
       "    15.811388300841896,\n",
       "    0.0,\n",
       "    142.20056258679148,\n",
       "    212.17445652104308,\n",
       "    93.47726996441435,\n",
       "    236.19060099843094,\n",
       "    159.02201105507376,\n",
       "    136.01470508735443,\n",
       "    69.57010852370435,\n",
       "    170.85666507338834,\n",
       "    99.86490875177326,\n",
       "    122.80065146407001,\n",
       "    221.0701246211256,\n",
       "    106.21205204683694,\n",
       "    235.49309968659378,\n",
       "    81.02468759581859,\n",
       "    215.23243250030885],\n",
       "   [189.02909828912584,\n",
       "    137.64083696345355,\n",
       "    97.18538984847466,\n",
       "    55.0,\n",
       "    34.713109915419565,\n",
       "    53.665631459994955,\n",
       "    250.0,\n",
       "    31.064449134018133,\n",
       "    39.11521443121589,\n",
       "    37.656340767525464,\n",
       "    132.59336333316233,\n",
       "    54.70831746635972,\n",
       "    69.72087205421343,\n",
       "    148.9731519435633,\n",
       "    142.20056258679148,\n",
       "    0.0,\n",
       "    183.17477992343814,\n",
       "    66.12866246946176,\n",
       "    141.41074923781431,\n",
       "    73.97972695272672,\n",
       "    113.75851616472501,\n",
       "    151.34397906755325,\n",
       "    109.11003620199197,\n",
       "    97.09788875150684,\n",
       "    23.345235059857504,\n",
       "    93.81364506296512,\n",
       "    36.76955262170047,\n",
       "    200.5642041840966,\n",
       "    90.52071586106685,\n",
       "    155.95512174981621],\n",
       "   [103.75451797391764,\n",
       "    318.4870484022859,\n",
       "    208.90667772955464,\n",
       "    230.67292862405853,\n",
       "    163.5726138447387,\n",
       "    138.74076545846214,\n",
       "    158.91192529196795,\n",
       "    210.48990474604713,\n",
       "    222.27235545609355,\n",
       "    178.3732042656632,\n",
       "    307.0504844484047,\n",
       "    137.46272221951665,\n",
       "    189.3620870184948,\n",
       "    227.7981562699751,\n",
       "    212.17445652104308,\n",
       "    183.17477992343814,\n",
       "    0.0,\n",
       "    217.56838005555863,\n",
       "    322.50271316688173,\n",
       "    256.2225595063791,\n",
       "    81.8413098624405,\n",
       "    152.2957648787385,\n",
       "    289.9137802864845,\n",
       "    251.6445906432324,\n",
       "    168.86088949191284,\n",
       "    263.2299375071156,\n",
       "    174.14074767268,\n",
       "    23.345235059857504,\n",
       "    140.45995870709916,\n",
       "    44.553338819890925],\n",
       "   [189.71821209362056,\n",
       "    111.40017953306898,\n",
       "    159.90622251807463,\n",
       "    35.805027579936315,\n",
       "    58.412327466040935,\n",
       "    80.52949770115296,\n",
       "    239.7352706632881,\n",
       "    45.09988913511872,\n",
       "    61.1310068623117,\n",
       "    103.4456378974,\n",
       "    92.0869154657707,\n",
       "    114.0175425099138,\n",
       "    33.734255586866,\n",
       "    94.847245611035,\n",
       "    93.47726996441435,\n",
       "    66.12866246946176,\n",
       "    217.56838005555863,\n",
       "    0.0,\n",
       "    145.60219778561037,\n",
       "    66.52818951391959,\n",
       "    137.03284277865654,\n",
       "    131.0953851209111,\n",
       "    86.03487664894976,\n",
       "    35.22782990761707,\n",
       "    59.54829972383762,\n",
       "    128.4445405612866,\n",
       "    46.400431032480725,\n",
       "    238.4386713601634,\n",
       "    86.05230967266364,\n",
       "    201.1889659002203],\n",
       "   [325.8972230627318,\n",
       "    65.37583651472461,\n",
       "    150.7647173578752,\n",
       "    111.83022847155415,\n",
       "    170.14111789923092,\n",
       "    193.56910910576616,\n",
       "    381.9646580509773,\n",
       "    120.90492132250036,\n",
       "    104.12012293500234,\n",
       "    146.4137971640651,\n",
       "    95.0789145920377,\n",
       "    186.01075237738274,\n",
       "    176.70880000724355,\n",
       "    233.69210512980536,\n",
       "    236.19060099843094,\n",
       "    141.41074923781431,\n",
       "    322.50271316688173,\n",
       "    145.60219778561037,\n",
       "    0.0,\n",
       "    79.61155694998057,\n",
       "    255.0019607767752,\n",
       "    275.0890764825096,\n",
       "    68.60029154456998,\n",
       "    138.68309197591464,\n",
       "    160.85397104206038,\n",
       "    69.35416353759881,\n",
       "    164.34415109762804,\n",
       "    338.0014792867037,\n",
       "    221.55134844996994,\n",
       "    290.2912330746487],\n",
       "   [248.2438317461282,\n",
       "    63.90618123468183,\n",
       "    131.7269904006009,\n",
       "    32.2490309931942,\n",
       "    95.42536350467836,\n",
       "    120.20399327809372,\n",
       "    302.77549438486597,\n",
       "    46.0,\n",
       "    35.84689665786984,\n",
       "    95.69221493935649,\n",
       "    65.19202405202648,\n",
       "    127.22421153223941,\n",
       "    97.09788875150684,\n",
       "    158.3729774930054,\n",
       "    159.02201105507376,\n",
       "    73.97972695272672,\n",
       "    256.2225595063791,\n",
       "    66.52818951391959,\n",
       "    79.61155694998057,\n",
       "    0.0,\n",
       "    182.3951753747889,\n",
       "    195.50959055759898,\n",
       "    35.77708763999664,\n",
       "    68.00735254367721,\n",
       "    88.0,\n",
       "    72.11102550927978,\n",
       "    87.66413177577246,\n",
       "    274.23530042647684,\n",
       "    143.27944723511465,\n",
       "    229.92390045404153],\n",
       "   [84.50443775329198,\n",
       "    242.20652344641752,\n",
       "    171.26587517658035,\n",
       "    154.0519392932137,\n",
       "    87.05170877128145,\n",
       "    62.20128616033595,\n",
       "    150.8011936292283,\n",
       "    136.5283853270081,\n",
       "    151.25144627407698,\n",
       "    122.3315167894194,\n",
       "    228.02192877001983,\n",
       "    84.95881355103778,\n",
       "    107.70329614269008,\n",
       "    151.02979838429238,\n",
       "    136.01470508735443,\n",
       "    113.75851616472501,\n",
       "    81.8413098624405,\n",
       "    137.03284277865654,\n",
       "    255.0019607767752,\n",
       "    182.3951753747889,\n",
       "    0.0,\n",
       "    89.10667763978185,\n",
       "    214.03737991294886,\n",
       "    170.4494059831245,\n",
       "    94.76286192385707,\n",
       "    204.08821622033938,\n",
       "    96.13012014972206,\n",
       "    104.10091258005379,\n",
       "    59.20304046246274,\n",
       "    79.40403012442127],\n",
       "   [71.78439941937245,\n",
       "    240.97302753627844,\n",
       "    237.06539182259397,\n",
       "    163.2666530556684,\n",
       "    116.66190466471906,\n",
       "    104.65658125507444,\n",
       "    109.11003620199197,\n",
       "    157.74663229368798,\n",
       "    176.69465187152667,\n",
       "    177.867928531256,\n",
       "    217.07602354935472,\n",
       "    153.05554547287727,\n",
       "    98.48857801796105,\n",
       "    84.86459803710851,\n",
       "    69.57010852370435,\n",
       "    151.34397906755325,\n",
       "    152.2957648787385,\n",
       "    131.0953851209111,\n",
       "    275.0890764825096,\n",
       "    195.50959055759898,\n",
       "    89.10667763978185,\n",
       "    0.0,\n",
       "    216.92394980729998,\n",
       "    152.08221460775746,\n",
       "    128.06248474865697,\n",
       "    243.24473272817235,\n",
       "    116.67476162392619,\n",
       "    175.4223474931287,\n",
       "    61.587336360651285,\n",
       "    165.41160781517118],\n",
       "   [274.85450696686786,\n",
       "    28.635642126552707,\n",
       "    162.80049139974977,\n",
       "    60.0,\n",
       "    127.1927670899568,\n",
       "    152.26621424334422,\n",
       "    325.7376244771242,\n",
       "    79.62411694957753,\n",
       "    71.58910531638176,\n",
       "    131.2288078129189,\n",
       "    34.785054261852174,\n",
       "    162.85576440519384,\n",
       "    119.54915307102765,\n",
       "    166.93112352104984,\n",
       "    170.85666507338834,\n",
       "    109.11003620199197,\n",
       "    289.9137802864845,\n",
       "    86.03487664894976,\n",
       "    68.60029154456998,\n",
       "    35.77708763999664,\n",
       "    214.03737991294886,\n",
       "    216.92394980729998,\n",
       "    0.0,\n",
       "    71.449282711585,\n",
       "    121.06196760337245,\n",
       "    92.34717104492157,\n",
       "    118.00423721205946,\n",
       "    308.5012155567624,\n",
       "    170.03823099526764,\n",
       "    264.9698096010185],\n",
       "   [216.33307652783935,\n",
       "    90.82400563727631,\n",
       "    184.81612483763422,\n",
       "    49.64876634922564,\n",
       "    93.60021367496978,\n",
       "    115.6027681329474,\n",
       "    261.01340961720723,\n",
       "    70.00714249274856,\n",
       "    80.06247560499239,\n",
       "    132.82319074619463,\n",
       "    65.0,\n",
       "    147.98986451781082,\n",
       "    63.34824385884742,\n",
       "    95.4829827770373,\n",
       "    99.86490875177326,\n",
       "    97.09788875150684,\n",
       "    251.6445906432324,\n",
       "    35.22782990761707,\n",
       "    138.68309197591464,\n",
       "    68.00735254367721,\n",
       "    170.4494059831245,\n",
       "    152.08221460775746,\n",
       "    71.449282711585,\n",
       "    0.0,\n",
       "    94.06912352095134,\n",
       "    139.08630414242805,\n",
       "    81.60882305241266,\n",
       "    272.8552729928451,\n",
       "    116.2497311824849,\n",
       "    236.32604596192948],\n",
       "   [166.83225107874077,\n",
       "    149.6262009141447,\n",
       "    116.10340218959993,\n",
       "    62.0966987850401,\n",
       "    11.40175425099138,\n",
       "    32.7566787083184,\n",
       "    227.03523955544875,\n",
       "    42.0,\n",
       "    56.753854494650845,\n",
       "    54.74486277268398,\n",
       "    139.86421987055874,\n",
       "    54.644304369257,\n",
       "    52.3450093132096,\n",
       "    131.00381673829202,\n",
       "    122.80065146407001,\n",
       "    23.345235059857504,\n",
       "    168.86088949191284,\n",
       "    59.54829972383762,\n",
       "    160.85397104206038,\n",
       "    88.0,\n",
       "    94.76286192385707,\n",
       "    128.06248474865697,\n",
       "    121.06196760337245,\n",
       "    94.06912352095134,\n",
       "    0.0,\n",
       "    116.82465493208187,\n",
       "    17.11724276862369,\n",
       "    187.7578227398262,\n",
       "    67.17886572427373,\n",
       "    146.15402833996743],\n",
       "   [282.4907078117792,\n",
       "    109.41663493271945,\n",
       "    81.6333265278342,\n",
       "    93.637599285757,\n",
       "    127.91403363196706,\n",
       "    147.02720836634285,\n",
       "    343.80372307466365,\n",
       "    87.65842800324451,\n",
       "    68.79680225126747,\n",
       "    84.92938243034621,\n",
       "    127.12985487288185,\n",
       "    125.92855117089213,\n",
       "    150.90394295710104,\n",
       "    223.28905033610582,\n",
       "    221.0701246211256,\n",
       "    93.81364506296512,\n",
       "    263.2299375071156,\n",
       "    128.4445405612866,\n",
       "    69.35416353759881,\n",
       "    72.11102550927978,\n",
       "    204.08821622033938,\n",
       "    243.24473272817235,\n",
       "    92.34717104492157,\n",
       "    139.08630414242805,\n",
       "    116.82465493208187,\n",
       "    0.0,\n",
       "    126.57408897558773,\n",
       "    276.63152387246106,\n",
       "    183.6327857437228,\n",
       "    227.56317804073663],\n",
       "   [161.55494421403512,\n",
       "    146.08559134972896,\n",
       "    132.51792331605563,\n",
       "    58.008620049092706,\n",
       "    12.041594578792296,\n",
       "    35.4400902933387,\n",
       "    219.20766409959302,\n",
       "    43.46262762420146,\n",
       "    61.40032573203501,\n",
       "    71.34423592694787,\n",
       "    132.90974381135493,\n",
       "    70.2353187506115,\n",
       "    35.22782990761707,\n",
       "    114.03946685248927,\n",
       "    106.21205204683694,\n",
       "    36.76955262170047,\n",
       "    174.14074767268,\n",
       "    46.400431032480725,\n",
       "    164.34415109762804,\n",
       "    87.66413177577246,\n",
       "    96.13012014972206,\n",
       "    116.67476162392619,\n",
       "    118.00423721205946,\n",
       "    81.60882305241266,\n",
       "    17.11724276862369,\n",
       "    126.57408897558773,\n",
       "    0.0,\n",
       "    194.18032856085088,\n",
       "    57.982756057296896,\n",
       "    155.23530526268823],\n",
       "   [124.04031602668546,\n",
       "    337.13053851586926,\n",
       "    217.27632176562636,\n",
       "    249.8259394058191,\n",
       "    183.24027941476186,\n",
       "    158.75137794677562,\n",
       "    175.0028571195339,\n",
       "    228.8864347225497,\n",
       "    239.64139876073165,\n",
       "    192.37463450257678,\n",
       "    326.92047962769175,\n",
       "    152.029602380589,\n",
       "    211.0852908186641,\n",
       "    251.10356429170812,\n",
       "    235.49309968659378,\n",
       "    200.5642041840966,\n",
       "    23.345235059857504,\n",
       "    238.4386713601634,\n",
       "    338.0014792867037,\n",
       "    274.23530042647684,\n",
       "    104.10091258005379,\n",
       "    175.4223474931287,\n",
       "    308.5012155567624,\n",
       "    272.8552729928451,\n",
       "    187.7578227398262,\n",
       "    276.63152387246106,\n",
       "    194.18032856085088,\n",
       "    0.0,\n",
       "    163.0828010551695,\n",
       "    50.0],\n",
       "   [105.08092119885512,\n",
       "    196.72569735548024,\n",
       "    176.08236708995025,\n",
       "    111.68258592994702,\n",
       "    55.86591089385369,\n",
       "    43.657759905886145,\n",
       "    161.22654868228122,\n",
       "    101.11874208078342,\n",
       "    119.36498649101419,\n",
       "    116.36150566231085,\n",
       "    178.0028089666003,\n",
       "    94.36630754670864,\n",
       "    53.150729063673246,\n",
       "    94.89467845985885,\n",
       "    81.02468759581859,\n",
       "    90.52071586106685,\n",
       "    140.45995870709916,\n",
       "    86.05230967266364,\n",
       "    221.55134844996994,\n",
       "    143.27944723511465,\n",
       "    59.20304046246274,\n",
       "    61.587336360651285,\n",
       "    170.03823099526764,\n",
       "    116.2497311824849,\n",
       "    67.17886572427373,\n",
       "    183.6327857437228,\n",
       "    57.982756057296896,\n",
       "    163.0828010551695,\n",
       "    0.0,\n",
       "    136.23509092741122],\n",
       "   [133.63382805263043,\n",
       "    293.5523803344132,\n",
       "    167.37084572887835,\n",
       "    207.8677464158401,\n",
       "    143.55835050598765,\n",
       "    120.7393887677091,\n",
       "    195.24855953373896,\n",
       "    185.64751546950473,\n",
       "    194.58674158328466,\n",
       "    144.01388821915754,\n",
       "    285.97377502141694,\n",
       "    104.58011283222064,\n",
       "    177.6091213873882,\n",
       "    230.05434140654683,\n",
       "    215.23243250030885,\n",
       "    155.95512174981621,\n",
       "    44.553338819890925,\n",
       "    201.1889659002203,\n",
       "    290.2912330746487,\n",
       "    229.92390045404153,\n",
       "    79.40403012442127,\n",
       "    165.41160781517118,\n",
       "    264.9698096010185,\n",
       "    236.32604596192948,\n",
       "    146.15402833996743,\n",
       "    227.56317804073663,\n",
       "    155.23530526268823,\n",
       "    50.0,\n",
       "    136.23509092741122,\n",
       "    0.0]]},\n",
       " {'N': 30,\n",
       "  'total': 300,\n",
       "  'R': 40000,\n",
       "  'r': [14986.535511468366,\n",
       "   5064.472871982546,\n",
       "   32130.373868185066,\n",
       "   32618.539999256172,\n",
       "   13278.759295685644,\n",
       "   5456.340432592763,\n",
       "   33250.91691493693,\n",
       "   39622.76250034613,\n",
       "   2003.2407807097964,\n",
       "   23052.06609414868,\n",
       "   34621.749033969834,\n",
       "   27322.83724818468,\n",
       "   36575.906778569566,\n",
       "   25152.64438156949,\n",
       "   1714.7009772806098,\n",
       "   15559.044783194253,\n",
       "   34275.14327526771,\n",
       "   2144.514724234674,\n",
       "   6854.803095324033,\n",
       "   8787.997817849926,\n",
       "   2877.0523999697684,\n",
       "   37317.790986595704,\n",
       "   27877.33589262156,\n",
       "   19952.495347908945,\n",
       "   22138.32690375706,\n",
       "   12908.51927544527,\n",
       "   13352.835742077996,\n",
       "   39509.38373961383,\n",
       "   11176.48328034262,\n",
       "   11650.424403544046],\n",
       "  'phi': [4.365886289177324,\n",
       "   0.2645216577617328,\n",
       "   1.0519582671166856,\n",
       "   1.358966592624381,\n",
