[[{"N": 11, "radius": 5, "total": 350, "budget_remain": 350, "R": 22500, "r": [4628.987330161299, 8493.092281902631, 7415.774778504631, 443.94310869631556, 20767.157258466545, 13487.722126368186, 9653.60880760004, 7679.971024489875, 16370.021669640584, 11435.096722641489, 7762.332676669356], "phi": [4.86338061275839, 4.313712741825818, 0.25944983201560484, 4.109217503604259, 4.334300062396404, 0.39939029107387286, 1.510018102493737, 5.163740647668612, 0.858771434675808, 3.418106076476075, 2.9063169202732113], "x": [10, -35, 83, -11, -53, 106, 5, 38, 83, -102, -85], "y": [-67, -84, 22, -17, -133, 45, 98, -78, 96, -29, 20], "xy": [[10, -67], [-35, -84], [83, 22], [-11, -17], [-53, -133], [106, 45], [5, 98], [38, -78], [83, 96], [-102, -29], [-85, 20]], "city_start": [10, -67], "distance": [[0.0, 48.104053883222775, 115.10864433221339, 54.230987451824994, 91.2414379544733, 147.5127113166862, 165.07574019219177, 30.083217912982647, 178.60011198204776, 118.27087553578015, 128.81770064707723], [48.104053883222775, 0.0, 158.61904047118682, 71.16881339463234, 52.20153254455275, 191.10729970359583, 186.34376834227646, 73.24616030891995, 215.23010941780427, 86.68333173107735, 115.39497389401325], [115.10864433221339, 158.61904047118682, 0.0, 101.76934705499491, 206.20620747203515, 32.526911934581186, 108.90362712049586, 109.65856099730654, 74.0, 191.90101615155663, 168.01190434013895], [54.230987451824994, 71.16881339463234, 101.76934705499491, 0.0, 123.36936410632909, 132.41223508422476, 116.1077086157504, 78.24321056807422, 146.98639392814562, 91.7877987534291, 82.73451516749222], [91.2414379544733, 52.20153254455275, 206.20620747203515, 123.36936410632909, 0.0, 238.6734170367534, 238.17010727629108, 106.3296760081587, 266.3400082601185, 114.96521212958292, 156.31058825300352], [147.5127113166862, 191.10729970359583, 32.526911934581186, 132.41223508422476, 238.6734170367534, 0.0, 114.06138698087096, 140.54536634126364, 55.94640292279746, 220.77137495608437, 192.62917743685665], [165.07574019219177, 186.34376834227646, 108.90362712049586, 116.1077086157504, 238.17010727629108, 114.06138698087096, 0.0, 179.06702655709677, 78.02563681252464, 166.06625183943908, 119.09659944767525], [30.083217912982647, 73.24616030891995, 109.65856099730654, 78.24321056807422, 106.3296760081587, 140.54536634126364, 179.06702655709677, 0.0, 179.7247896090019, 148.32734070291963, 157.26728839781018], [178.60011198204776, 215.23010941780427, 74.0, 146.98639392814562, 266.3400082601185, 55.94640292279746, 78.02563681252464, 179.7247896090019, 0.0, 223.27113561766106, 184.39088914585776], [118.27087553578015, 86.68333173107735, 191.90101615155663, 91.7877987534291, 114.96521212958292, 220.77137495608437, 166.06625183943908, 148.32734070291963, 223.27113561766106, 0.0, 51.86520991955976], [128.81770064707723, 115.39497389401325, 168.01190434013895, 82.73451516749222, 156.31058825300352, 192.62917743685665, 119.09659944767525, 157.26728839781018, 184.39088914585776, 51.86520991955976, 0.0]]}, {"N": 11, "radius": 5, "total": 350, "budget_remain": 350, "R": 22500, "r": [16964.911818803037, 8380.255929068062, 9341.453620280203, 5919.890173013099, 2476.7862586345486, 8994.663896422006, 170.17469172784044, 9942.89218720376, 8650.11775926957, 4220.526181443792, 8353.275131446344], "phi": [3.459776337219733, 1.6722211857449103, 1.8128761956755257, 1.797193105036818, 4.322420777894224, 5.201861720721401, 1.4243943146799847, 2.3547042330829986, 0.5937110844414666, 0.29882588139315136, 2.004408696581593], "x": [-123, -9, -23, -17, -18, 44, 1, -70, 77, 62, -38], "y": [-40, 91, 93, 74, -46, -83, 12, 70, 52, 19, 82], "xy": [[-123, -40], [-9, 91], [-23, 93], [-17, 74], [-18, -46], [44, -83], [1, 12], [-70, 70], [77, 52], [62, 19], [-38, 82]], "city_start": [-123, -40], "distance": [[0.0, 173.65770930194836, 166.4001201922643, 155.66630977832037, 105.17128885774862, 172.44709333589824, 134.46189051177288, 122.10241602851272, 220.14540649307222, 194.18032856085088, 148.69095466772686], [173.65770930194836, 0.0, 14.142135623730951, 18.788294228055936, 137.2953021774598, 181.89282558693733, 79.63039620647382, 64.51356446515724, 94.42986815621421, 101.11874208078342, 30.364452901377952], [166.4001201922643, 14.142135623730951, 0.0, 19.924858845171276, 139.0898989862312, 188.32153355365392, 84.48076704197234, 52.32590180780452, 108.07867504739313, 112.69871339105873, 18.601075237738275], [155.66630977832037, 18.788294228055936, 19.924858845171276, 0.0, 120.00416659433121, 168.4339633209407, 64.5600495662759, 53.150729063673246, 96.54014708917737, 96.26006440887103, 22.47220505424423], [105.17128885774862, 137.2953021774598, 139.0898989862312, 120.00416659433121, 0.0, 72.20110802473879, 61.032778078668514, 127.12198865656563, 136.48809471891678, 103.07764064044152, 129.55307792561317], [172.44709333589824, 181.89282558693733, 188.32153355365392, 168.4339633209407, 72.20110802473879, 0.0, 104.27847332982968, 190.80094339389416, 138.97481786280562, 103.57605900979242, 184.25254408012933], [134.46189051177288, 79.63039620647382, 84.48076704197234, 64.5600495662759, 61.032778078668514, 104.27847332982968, 0.0, 91.67878707749138, 85.88364221433555, 61.40032573203501, 80.1311425102625], [122.10241602851272, 64.51356446515724, 52.32590180780452, 53.150729063673246, 127.12198865656563, 190.80094339389416, 91.67878707749138, 0.0, 148.0979405663698, 141.50971698084905, 34.17601498127012], [220.14540649307222, 94.42986815621421, 108.07867504739313, 96.54014708917737, 136.48809471891678, 138.97481786280562, 85.88364221433555, 148.0979405663698, 0.0, 36.24913792078372, 118.84864324004712], [194.18032856085088, 101.11874208078342, 112.69871339105873, 96.26006440887103, 103.07764064044152, 103.57605900979242, 61.40032573203501, 141.50971698084905, 36.24913792078372, 0.0, 118.1905241548577], [148.69095466772686, 30.364452901377952, 18.601075237738275, 22.47220505424423, 129.55307792561317, 184.25254408012933, 80.1311425102625, 34.17601498127012, 118.84864324004712, 118.1905241548577, 0.0]]}, {"N": 11, "radius": 5, "total": 200, "budget_remain": 200, "R": 22500, "r": [10698.291141245125, 1453.6105126019768, 4800.164143881503, 22487.3792529034, 20891.08984694163, 21235.09786339734, 7395.61619968465, 18119.68570437749, 17126.175473354822, 10305.031761420278, 3532.754633228121], "phi": [1.826243937099697, 4.008511154232886, 5.308211484123863, 4.689200478896542, 2.430982621080571, 2.2477396864720722, 3.525847334368678, 4.283639162921799, 4.494430294074292, 0.1984052522284312, 0.2873581799077337], "x": [-26, -24, 38, -3, -109, -91, -79, -55, -28, 99, 56], "y": [100, -29, -57, -149, 94, 113, -32, -122, -127, 20, 16], "xy": [[-26, 100], [-24, -29], [38, -57], [-3, -149], [-109, 94], [-91, 113], [-79, -32], [-55, -122], [-28, -127], [99, 20], [56, 16]], "city_start": [-26, 100], "distance": [[0.0, 129.0155029444136, 169.54350474140847, 250.05999280172747, 83.21658488546619, 66.2872536767062, 142.24275025462634, 223.8861317723811, 227.00881040171106, 148.4082207965583, 117.38824472663352], [129.0155029444136, 0.0, 68.0294054067798, 121.82364302548172, 149.5125412799876, 157.01273833673497, 55.08175741568164, 98.03060746521976, 98.08159868191383, 132.4009063413087, 91.7877987534291], [169.54350474140847, 68.0294054067798, 0.0, 100.72239075796404, 210.7368026710095, 213.40337391897063, 119.64113005150027, 113.46365056704283, 96.20810776644555, 98.2344135219425, 75.18643494673756], [250.05999280172747, 121.82364302548172, 100.72239075796404, 0.0, 265.11318337645906, 276.3837911311009, 139.51702405083043, 58.59180830116101, 33.301651610693426, 197.39554199626699, 175.231275747225], [83.21658488546619, 149.5125412799876, 210.7368026710095, 265.11318337645906, 0.0, 26.1725046566048, 129.52219886953742, 222.64770378335368, 235.37629447333902, 220.77137495608437, 182.50753409106156], [66.2872536767062, 157.01273833673497, 213.40337391897063, 276.3837911311009, 26.1725046566048, 0.0, 145.49570440394453, 237.7414562082095, 248.13101378102658, 211.53959440256097, 176.11927776367924], [142.24275025462634, 55.08175741568164, 119.64113005150027, 139.51702405083043, 129.52219886953742, 145.49570440394453, 0.0, 93.14504817756014, 107.82393055347222, 185.44001725625458, 143.27944723511465], [223.8861317723811, 98.03060746521976, 113.46365056704283, 58.59180830116101, 222.64770378335368, 237.7414562082095, 93.14504817756014, 0.0, 27.459060435491963, 209.4755355644186, 177.1016657177453], [227.00881040171106, 98.08159868191383, 96.20810776644555, 33.301651610693426, 235.37629447333902, 248.13101378102658, 107.82393055347222, 27.459060435491963, 0.0, 194.26270872197782, 165.8463143998081], [148.4082207965583, 132.4009063413087, 98.2344135219425, 197.39554199626699, 220.77137495608437, 211.53959440256097, 185.44001725625458, 209.4755355644186, 194.26270872197782, 0.0, 43.18564576337837], [117.38824472663352, 91.7877987534291, 75.18643494673756, 175.231275747225, 182.50753409106156, 176.11927776367924, 143.27944723511465, 177.1016657177453, 165.8463143998081, 43.18564576337837, 0.0]]}, {"N": 11, "radius": 5, "total": 200, "budget_remain": 200, "R": 22500, "r": [17446.55154109938, 16164.182719563925, 7802.82800185966, 2586.4677704332803, 7782.900632011863, 11598.425387453735, 15099.025774229329, 11154.254306444984, 8500.481941807635, 11183.924866906646, 21335.33670340342], "phi": [6.24087512579576, 4.089402248352714, 5.407228490099137, 5.632623008069118, 0.6484843757742521, 0.04441747284655965, 3.3341470101763058, 1.9198821789778087, 2.9685232260580183, 3.336178268164654, 4.398923566489127], "x": [131, -74, 56, 40, 70, 107, -120, -36, -90, -103, -45], "y": [-5, -103, -67, -30, 53, 4, -23, 99, 15, -20, -138], "xy": [[131, -5], [-74, -103], [56, -67], [40, -30], [70, 53], [107, 4], [-120, -23], [-36, 99], [-90, 15], [-103, -20], [-45, -138]], "city_start": [131, -5], "distance": [[0.0, 227.2201575564985, 97.30878685915265, 94.37160589923221, 84.17244204607586, 25.632011235952593, 251.6445906432324, 196.73586353280888, 221.90313201935658, 234.48027635602958, 220.60145058453264], [227.2201575564985, 0.0, 134.892549831338, 135.36986370680884, 212.30167215544958, 210.261741645978, 92.28217596047462, 205.54318281081473, 119.07980517283357, 87.92041856133307, 45.45327270945405], [97.30878685915265, 134.892549831338, 0.0, 40.311288741492746, 120.81390648431164, 87.41853350405736, 181.41664752717708, 189.7893569197177, 167.45148551147582, 165.8010856418015, 123.45849504995596], [94.37160589923221, 135.36986370680884, 40.311288741492746, 0.0, 88.25531145489205, 75.13321502504735, 160.15305179733542, 149.7230777134908, 137.56816492197603, 143.34922392534952, 137.43725841270262], [84.17244204607586, 212.30167215544958, 120.81390648431164, 88.25531145489205, 0.0, 61.40032573203501, 204.63626267111115, 115.55085460523432, 164.4506004853737, 187.77113729218343, 222.9484245290825], [25.632011235952593, 210.261741645978, 87.41853350405736, 75.13321502504735, 61.40032573203501, 0.0, 228.60008748904713, 171.67993476233616, 197.3068675946177, 211.36697944570244, 208.00961516237658], [251.6445906432324, 92.28217596047462, 181.41664752717708, 160.15305179733542, 204.63626267111115, 228.60008748904713, 0.0, 148.12157169028418, 48.41487374764082, 17.26267650163207, 137.2953021774598], [196.73586353280888, 205.54318281081473, 189.7893569197177, 149.7230777134908, 115.55085460523432, 171.67993476233616, 148.12157169028418, 0.0, 99.85990186255943, 136.56500283747664, 237.17082451262846], [221.90313201935658, 119.07980517283357, 167.45148551147582, 137.56816492197603, 164.4506004853737, 197.3068675946177, 48.41487374764082, 99.85990186255943, 0.0, 37.33630940518894, 159.48040632002414], [234.48027635602958, 87.92041856133307, 165.8010856418015, 143.34922392534952, 187.77113729218343, 211.36697944570244, 17.26267650163207, 136.56500283747664, 37.33630940518894, 0.0, 131.4838393111488], [220.60145058453264, 45.45327270945405, 123.45849504995596, 137.43725841270262, 222.9484245290825, 208.00961516237658, 137.2953021774598, 237.17082451262846, 159.48040632002414, 131.4838393111488, 0.0]]}, {"N": 11, "radius": 5, "total": 500, "budget_remain": 500, "R": 22500, "r": [2759.0757823114905, 14484.477778171575, 18700.07289158841, 14305.209131336058, 22360.63631557284, 11835.467672091108, 8465.23519346951, 2652.0428935207256, 6256.57835216943, 13250.605619160491, 16340.037125626171], "phi": [0.26349898701559904, 4.979879337071586, 4.703766452352559, 0.6349433558328066, 3.144700145965405, 4.869418122736622, 6.009918684623638, 4.769196008216699, 1.8588186223204373, 1.1083005610468715, 1.5264325259553508], "x": [50, 31, -1, 96, -149, 17, 88, 2, -22, 51, 5], "y": [13, -116, -136, 70, 0, -107, -24, -51, 75, 103, 127], "xy": [[50, 13], [31, -116], [-1, -136], [96, 70], [-149, 0], [17, -107], [88, -24], [2, -51], [-22, 75], [51, 103], [5, 127]], "city_start": [50, 13], "distance": [[0.0, 130.39171752837677, 157.48650735856708, 73.24616030891995, 199.42417105255822, 124.45481107614924, 53.03772242470448, 80.0, 95.01578816175763, 90.00555538409837, 122.56018929489298], [130.39171752837677, 0.0, 37.73592452822641, 197.03045449879062, 214.14014102918676, 16.64331697709324, 108.2266141020775, 71.17583859709698, 198.21705274773913, 219.91134577370036, 244.38698819699874], [157.48650735856708, 37.73592452822641, 0.0, 227.69497139814047, 200.9975124224178, 34.132096331752024, 143.05593311708537, 85.05292469985967, 212.042448580467, 244.59149617270018, 263.0684321616716], [73.24616030891995, 197.03045449879062, 227.69497139814047, 0.0, 254.80384612481814, 193.82982226685345, 94.33981132056604, 153.22206107476822, 118.10588469674151, 55.80322571321482, 107.37783756436893], [199.42417105255822, 214.14014102918676, 200.9975124224178, 254.80384612481814, 0.0, 197.4968354176846, 238.2120903732638, 159.38004893963358, 147.49237268414933, 224.96444163467257, 199.6121238802894], [124.45481107614924, 16.64331697709324, 34.132096331752024, 193.82982226685345, 197.4968354176846, 0.0, 109.22453936730518, 57.97413216254298, 186.1316738225926, 212.73457640919588, 234.30749027719963], [53.03772242470448, 108.2266141020775, 143.05593311708537, 94.33981132056604, 238.2120903732638, 109.22453936730518, 0.0, 90.13878188659973, 147.98986451781082, 132.2800060477773, 172.30786401090347], [80.0, 71.17583859709698, 85.05292469985967, 153.22206107476822, 159.38004893963358, 57.97413216254298, 90.13878188659973, 0.0, 128.2653499585917, 161.60754932861275, 178.02527910383964], [95.01578816175763, 198.21705274773913, 212.042448580467, 118.10588469674151, 147.49237268414933, 186.1316738225926, 147.98986451781082, 128.2653499585917, 0.0, 78.18567643756751, 58.59180830116101], [90.00555538409837, 219.91134577370036, 244.59149617270018, 55.80322571321482, 224.96444163467257, 212.73457640919588, 132.2800060477773, 161.60754932861275, 78.18567643756751, 0.0, 51.884487084291386], [122.56018929489298, 244.38698819699874, 263.0684321616716, 107.37783756436893, 199.6121238802894, 234.30749027719963, 172.30786401090347, 178.02527910383964, 58.59180830116101, 51.884487084291386, 0.0]]}, {"N": 11, "radius": 5, "total": 500, "budget_remain": 500, "R": 22500, "r": [21448.92235164468, 1489.2712203956648, 9573.504870398281, 18270.116143661813, 20331.81576386476, 9553.16593323167, 16973.158362694867, 19378.870469139027, 21828.83224877112, 2248.8085711954027, 2920.8210390053678], "phi": [5.089960909357857, 0.43027627193747947, 5.586395433527289, 0.4902879683698399, 6.127765974884316, 5.432011861807046, 3.4505196104088505, 5.137331984888805, 2.4979639761954373, 3.959681826021015, 4.766363759147383], "x": [53, 35, 75, 119, 140, 64, -124, 57, -118, -32, 2], "y": [-136, 16, -62, 63, -22, -73, -39, -126, 88, -34, -53], "xy": [[53, -136], [35, 16], [75, -62], [119, 63], [140, -22], [64, -73], [-124, -39], [57, -126], [-118, 88], [-32, -34], [2, -53]], "city_start": [53, -136], "distance": [[0.0, 153.06207890917986, 77.20103626247513, 209.65924735150605, 143.40502083260543, 63.953107821277925, 201.83656754909404, 10.770329614269007, 281.81021982887705, 132.77424449041314, 97.41663102366043], [153.06207890917986, 0.0, 87.65842800324451, 96.25487000666512, 111.66467659918243, 93.60555539069249, 168.24387061643583, 143.69411957348845, 169.09464805250343, 83.60023923410746, 76.48529270389177], [77.20103626247513, 87.65842800324451, 0.0, 132.51792331605563, 76.32168761236873, 15.556349186104045, 200.32473636573192, 66.48308055437865, 244.43608571567333, 110.60289327137876, 73.55270219373317], [209.65924735150605, 96.25487000666512, 132.51792331605563, 0.0, 87.55569655939013, 146.70037491431302, 263.53937087274073, 198.90952717253137, 238.3149177034455, 179.47144619688115, 164.7573974060042], [143.40502083260543, 111.66467659918243, 76.32168761236873, 87.55569655939013, 0.0, 91.52595260361949, 264.5467822522134, 133.06013678032951, 280.471032372329, 172.41809649801846, 141.4390328021229], [63.953107821277925, 93.60555539069249, 15.556349186104045, 146.70037491431302, 91.52595260361949, 0.0, 191.049731745428, 53.46026561849464, 242.99176940793694, 103.61949623502326, 65.14598989960932], [201.83656754909404, 168.24387061643583, 200.32473636573192, 263.53937087274073, 264.5467822522134, 191.049731745428, 0.0, 200.8233054204616, 127.1416532848303, 92.13576938409967, 126.77539193392383], [10.770329614269007, 143.69411957348845, 66.48308055437865, 198.90952717253137, 133.06013678032951, 53.46026561849464, 200.8233054204616, 0.0, 276.4434842784326, 128.00390619039717, 91.40021881811882], [281.81021982887705, 169.09464805250343, 244.43608571567333, 238.3149177034455, 280.471032372329, 242.99176940793694, 127.1416532848303, 276.4434842784326, 0.0, 149.26486525636233, 185.15128949051368], [132.77424449041314, 83.60023923410746, 110.60289327137876, 179.47144619688115, 172.41809649801846, 103.61949623502326, 92.13576938409967, 128.00390619039717, 149.26486525636233, 0.0, 38.948684188300895], [97.41663102366043, 76.48529270389177, 73.55270219373317, 164.7573974060042, 141.4390328021229, 65.14598989960932, 126.77539193392383, 91.40021881811882, 185.15128949051368, 38.948684188300895, 0.0]]}], [[0, 7, 1, 4, 9, 10, 3, 2, 5, 8, 6], [0, 4, 6, 9, 8, 1, 2, 10, 3, 7, 5], [0, 5, 4, 6, 1, 2, 10, 9, 8, 7, 3], [0, 5, 4, 3, 2, 10, 1, 9, 6, 8, 7], [0, 6, 7, 5, 1, 2, 4, 8, 10, 9, 3], [0, 7, 5, 2, 10, 9, 1, 3, 4, 6, 8]], [5, 4, 2, 3, 6, 8], ["greedy", "greedy", "greedy", "greedy", "greedy", "greedy"], [[[-0.6066023496157779, -56.393398914019386], [-45.60660171717228, -73.39339828157586], [72.39339828220179, 11.393398282201785], [-0.3933982817680367, -6.393398282635538], [-63.60660171779823, -143.60660171779818], [116.60660172100464, 55.60660171459178], [-11.0, 82.0], [48.60660174664261, -88.60660168895382], [93.60660171778875, 106.60660171780768], [-112.6066017177982, -39.60660171779822], [-74.39339828265096, 30.606601718247386]], [[-139.0, -56.0], [5.267312549176352, 95.63074428403422], [-28.510244589127737, 106.95124383587316], [-13.420517342674339, 59.43334959896735], [-28.606601717798213, -56.60660171779821], [54.606601717812055, -93.60660171778437], [11.606601714822796, 1.393398279226372], [-80.60660172302133, 59.3933982874249], [87.6066017167765, 62.606601718819924], [72.60660161609977, 8.393398180503345], [-50.11300260389204, 90.84732546694788]], [[-15.393398282188967, 89.3933982822146], [-13.393398282204886, -18.39339828219869], [48.606601717812055, -67.60660171778437], [7.606601719023927, -159.6066017165725], [-119.60660171156492, 83.3933982759685], [-80.39339828856221, 123.60660172415864], [-89.6066017177982, -42.60660171779822], [-65.60660188471051, -111.39339844911409], [-17.393400381071995, -116.39339618333196], [109.60660171802347, 30.60660171757296], [45.39339828155898, 26.60660171715541]], [[141.6066018836504, -15.60660155194602], [-84.60660171780883, -92.3933982822124], [66.60660171757624, -77.60660171802019], [29.393398281961247, -19.393398282442327], [59.393398283093155, 63.60660171868958], [96.39339568419865, -6.6065991197944784], [-134.77174401162856, -25.606833108374268], [-20.0, 115.0], [-79.39339828341008, 25.606601719006502], [-88.1710067140274, -22.258530080512465], [-34.39339828220366, -148.6066017178001]], [[39.393398281758145, 23.606601717354575], [41.60660293769392, -126.60660049790232], [-11.606601716057861, -146.60660171953856], [106.60660171868959, 59.39339828309316], [-165.0, -16.0], [6.393397480675949, -96.39339908372767], [98.60660171868959, -34.60660171690684], [-8.606601717799062, -40.39339828220263], [-32.60660171779822, 64.3933982822018], [61.60660171687062, 113.60660171872581], [-5.60660171869663, 137.6066017168998]], [[47.42915787952253, -149.92715757319903], [24.393398281288924, 26.60660171688535], [85.60660171772417, -51.39339828212775], [135.0, 79.0], [150.60660171734443, -32.60660171825199], [53.39339781038525, -83.60660124598166], [-140.0, -55.0], [62.803287729509236, -112.16808576051284], [-134.0, 72.0], [-42.60660171805363, -23.39339828245721], [12.606601774289796, -42.39339833869337]]]]