[[{"N": 11, "radius": 5, "total": 350, "budget_remain": 350, "R": 22500, "r": [1483.3175237686912, 21386.60153991839, 4802.195417165126, 15746.27434913319, 7057.35801784349, 352.24132793408666, 19859.663091302864, 6888.452415194019, 8931.280292994155, 4457.285188745376, 21748.427600919913], "phi": [2.5423599409396793, 1.1126839570573077, 1.5261895859274512, 2.5120324916555767, 4.313922259950557, 5.691113590848927, 4.56061641583979, 3.250211616259656, 4.1349875597012105, 0.18717904643247643, 0.18271834655708935], "x": [-31, 64, 3, -101, -32, 15, -21, -82, -51, 65, 145], "y": [21, 131, 69, 73, -77, -10, -139, -8, -79, 12, 26], "xy": [[-31, 21], [64, 131], [3, 69], [-101, 73], [-32, -77], [15, -10], [-21, -139], [-82, -8], [-51, -79], [65, 12], [145, 26]], "city_start": [-31, 21], "distance": [[0.0, 145.34441853748632, 58.82176467941097, 87.20091742636656, 98.00510190801293, 55.47071299343465, 160.31219541881399, 58.66856057549052, 101.9803902718557, 96.42095207992918, 176.07100840286], [145.34441853748632, 0.0, 86.97700845625813, 174.89711261195822, 229.08513701242165, 149.27156460625713, 283.0635970943632, 201.58620984581262, 239.42639787625757, 119.00420160649792, 132.61221663180206], [58.82176467941097, 86.97700845625813, 0.0, 104.0768946500615, 150.136604464068, 79.90619500389191, 209.3800372528384, 114.69088891450794, 157.54364474646383, 84.21995013059554, 148.36778626103444], [87.20091742636656, 174.89711261195822, 104.0768946500615, 0.0, 165.10905486980417, 142.63590010933433, 226.59214461229675, 83.19855767980596, 160.0124995117569, 176.8530463407402, 250.44959572736389], [98.00510190801293, 229.08513701242165, 150.136604464068, 165.10905486980417, 0.0, 81.8413098624405, 62.96824596572466, 85.21150157109074, 19.1049731745428, 131.64345787011217, 204.78769494283586], [55.47071299343465, 149.27156460625713, 79.90619500389191, 142.63590010933433, 81.8413098624405, 0.0, 133.9290857132983, 97.02061636580135, 95.4829827770373, 54.62600113499065, 134.892549831338], [160.31219541881399, 283.0635970943632, 209.3800372528384, 226.59214461229675, 62.96824596572466, 133.9290857132983, 0.0, 144.5060552364502, 67.08203932499369, 173.7728402253931, 234.05341270744162], [58.66856057549052, 201.58620984581262, 114.69088891450794, 83.19855767980596, 85.21150157109074, 97.02061636580135, 144.5060552364502, 0.0, 77.47257579298626, 148.35430563350698, 229.53213282675696], [101.9803902718557, 239.42639787625757, 157.54364474646383, 160.0124995117569, 19.1049731745428, 95.4829827770373, 67.08203932499369, 77.47257579298626, 0.0, 147.4347313220328, 222.35332243976026], [96.42095207992918, 119.00420160649792, 84.21995013059554, 176.8530463407402, 131.64345787011217, 54.62600113499065, 173.7728402253931, 148.35430563350698, 147.4347313220328, 0.0, 81.21576201698781], [176.07100840286, 132.61221663180206, 148.36778626103444, 250.44959572736389, 204.78769494283586, 134.892549831338, 234.05341270744162, 229.53213282675696, 222.35332243976026, 81.21576201698781, 0.0]]}, {"N": 11, "radius": 5, "total": 200, "budget_remain": 200, "R": 22500, "r": [1521.9551621141272, 6144.586750607591, 20957.378198726863, 1740.4252596485937, 411.14167012702177, 8346.067685158883, 19969.8403315247, 5091.541569720795, 4101.348800593344, 1745.8175848369128, 21766.882153871127], "phi": [2.914452802158793, 1.9741355503559248, 4.696504366188537, 4.356286955028974, 1.1303626066326893, 0.967758466783027, 6.105933149665434, 3.2660792923481976, 3.942822000610416, 4.8806449439892035, 4.420489726837876], "x": [-38, -30, -2, -14, 8, 51, 139, -70, -44, 6, -42], "y": [8, 72, -144, -39, 18, 75, -24, -8, -45, -41, -141], "xy": [[-38, 8], [-30, 72], [-2, -144], [-14, -39], [8, 18], [51, 75], [139, -24], [-70, -8], [-44, -45], [6, -41], [-42, -141]], "city_start": [-38, 8], "distance": [[0.0, 64.4980619863884, 156.20499351813308, 52.773099207835045, 47.07440918375928, 111.40017953306898, 179.86939706353607, 35.77708763999664, 53.33854141237835, 65.85590330410783, 149.05368160498418], [64.4980619863884, 0.0, 217.8072542409917, 112.14722466472365, 66.03029607687671, 81.05553651663777, 194.36306233438492, 89.44271909999159, 117.83462988442744, 118.59595271340417, 213.3377603707323], [156.20499351813308, 217.8072542409917, 0.0, 105.68348972285122, 162.30834852218786, 225.32199182503248, 185.15128949051368, 152.0526224699857, 107.54068997360952, 103.31021246711285, 40.11234224026316], [52.773099207835045, 112.14722466472365, 105.68348972285122, 0.0, 61.09828148156051, 131.2288078129189, 153.73353570382747, 64.00781202322104, 30.59411708155671, 20.09975124224178, 105.77334257741882], [47.07440918375928, 66.03029607687671, 162.30834852218786, 61.09828148156051, 0.0, 71.40028011149536, 137.56816492197603, 82.21921916437786, 81.68843247363729, 59.033888572581766, 166.67633305301626], [111.40017953306898, 81.05553651663777, 225.32199182503248, 131.2288078129189, 71.40028011149536, 0.0, 132.45754036671525, 146.7310464761974, 153.05227865013967, 124.42266674525185, 235.17015116719213], [179.86939706353607, 194.36306233438492, 185.15128949051368, 153.73353570382747, 137.56816492197603, 132.45754036671525, 0.0, 209.6115454835444, 184.20097719610501, 134.08206442324789, 215.52262062252305], [35.77708763999664, 89.44271909999159, 152.0526224699857, 64.00781202322104, 82.21921916437786, 146.7310464761974, 209.6115454835444, 0.0, 45.221676218380054, 82.85529554590944, 135.9154148726332], [53.33854141237835, 117.83462988442744, 107.54068997360952, 30.59411708155671, 81.68843247363729, 153.05227865013967, 184.20097719610501, 45.221676218380054, 0.0, 50.15974481593781, 96.02083107326243], [65.85590330410783, 118.59595271340417, 103.31021246711285, 20.09975124224178, 59.033888572581766, 124.42266674525185, 134.08206442324789, 82.85529554590944, 50.15974481593781, 0.0, 110.92339699089638], [149.05368160498418, 213.3377603707323, 40.11234224026316, 105.77334257741882, 166.67633305301626, 235.17015116719213, 215.52262062252305, 135.9154148726332, 96.02083107326243, 110.92339699089638, 0.0]]}, {"N": 11, "radius": 5, "total": 500, "budget_remain": 500, "R": 22500, "r": [19701.521779285224, 7712.75103155493, 9155.226755654352, 1057.5707512756765, 10504.170581328488, 16997.99446812223, 11053.427298588775, 13446.769905573155, 10527.21901686153, 21590.09664258706, 17160.209012083258], "phi": [1.728595798224758, 1.7218010384650688, 6.226825442878351, 3.2833131376705262, 2.740214531462881, 2.853614902854389, 0.40982975856003123, 5.982354646016014, 1.6672712793152684, 4.351301505690902, 5.457892873673579], "x": [-22, -13, 95, -32, -94, -125, 96, 110, -9, -51, 88], "y": [138, 86, -5, -4, 40, 37, 41, -34, 102, -137, -96], "xy": [[-22, 138], [-13, 86], [95, -5], [-32, -4], [-94, 40], [-125, 37], [96, 41], [110, -34], [-9, 102], [-51, -137], [88, -96]], "city_start": [-22, 138], "distance": [[0.0, 52.773099207835045, 184.76471524617463, 142.35167719419397, 121.60592090848209, 144.25671561490648, 152.75143207184672, 216.81328372588243, 38.27531841800928, 276.5248632582611, 258.5652722234755], [52.773099207835045, 0.0, 141.2267680009707, 91.98369420718001, 93.15041599477696, 122.24974437601087, 117.92370414806346, 171.84004189943624, 16.492422502470642, 226.2144999773445, 208.1465829649865], [184.76471524617463, 141.2267680009707, 0.0, 127.00393694685216, 194.28329830430613, 223.9732126840172, 46.010868281309364, 32.64965543462902, 149.21461054467824, 196.82479518597245, 91.26883367283708], [142.35167719419397, 91.98369420718001, 127.00393694685216, 0.0, 76.02631123499285, 101.6366075781753, 135.67977004697494, 145.13442045221387, 108.4665847162157, 134.35028842544403, 151.2084653714864], [121.60592090848209, 93.15041599477696, 194.28329830430613, 76.02631123499285, 0.0, 31.144823004794873, 190.0026315607234, 217.00691233230336, 105.20931517693668, 182.14829123546562, 227.2003521124032], [144.25671561490648, 122.24974437601087, 223.9732126840172, 101.6366075781753, 31.144823004794873, 0.0, 221.03619613086, 245.4913440429214, 132.9699214108213, 189.08199279677586, 251.11352014576994], [152.75143207184672, 117.92370414806346, 46.010868281309364, 135.67977004697494, 190.0026315607234, 221.03619613086, 0.0, 76.2954782408499, 121.43310915891102, 230.85276693165278, 137.23337786413333], [216.81328372588243, 171.84004189943624, 32.64965543462902, 145.13442045221387, 217.00691233230336, 245.4913440429214, 76.2954782408499, 0.0, 180.71247881648904, 191.12822920751398, 65.7875368135941], [38.27531841800928, 16.492422502470642, 149.21461054467824, 108.4665847162157, 105.20931517693668, 132.9699214108213, 121.43310915891102, 180.71247881648904, 0.0, 242.66231681083076, 220.4835594777987], [276.5248632582611, 226.2144999773445, 196.82479518597245, 134.35028842544403, 182.14829123546562, 189.08199279677586, 230.85276693165278, 191.12822920751398, 242.66231681083076, 0.0, 144.9206679531943], [258.5652722234755, 208.1465829649865, 91.26883367283708, 151.2084653714864, 227.2003521124032, 251.11352014576994, 137.23337786413333, 65.7875368135941, 220.4835594777987, 144.9206679531943, 0.0]]}, {"N": 11, "radius": 5, "total": 500, "budget_remain": 500, "R": 22500, "r": [1024.4483433642781, 6584.158830873724, 9504.403953407631, 17095.20492147181, 7264.935445576074, 6539.115360537805, 2549.538884979812, 17945.55649563294, 19533.942551936638, 10367.864843778103, 7463.42920170737], "phi": [1.9476054889835854, 4.200167746046687, 2.507690669542937, 5.1358513480825, 5.629086848230328, 2.785576474522735, 5.746782541598348, 4.359370950128488, 3.149106491109396, 1.5463968092582543, 1.995725037193519], "x": [-11, -39, -78, 53, 67, -75, 43, -46, -139, 2, -35], "y": [29, -70, 57, -119, -51, 28, -25, -125, -1, 101, 78], "xy": [[-11, 29], [-39, -70], [-78, 57], [53, -119], [67, -51], [-75, 28], [43, -25], [-46, -125], [-139, -1], [2, 101], [-35, 78]], "city_start": [-11, 29], "distance": [[0.0, 102.88342918079665, 72.61542535852834, 161.24515496597098, 111.73182178770737, 64.00781202322104, 76.36753236814714, 157.9271984174987, 131.46862743635836, 73.16419889536138, 54.56189146281496], [102.88342918079665, 0.0, 132.85330255586422, 104.23531071570709, 107.68936809174804, 104.4030650891055, 93.53608929178085, 55.44366510251645, 121.49485585818027, 175.8465239918037, 148.05404418657398], [72.61542535852834, 132.85330255586422, 0.0, 219.40145851839728, 180.8009955724802, 29.154759474226502, 146.16771189288008, 184.79177470872452, 84.17244204607586, 91.30169768410661, 47.853944456021594], [161.24515496597098, 104.23531071570709, 219.40145851839728, 0.0, 69.42621983083913, 194.91793144808406, 94.53041838477179, 99.18165152889924, 225.3619311241364, 225.83400983908513, 215.7614423385235], [111.73182178770737, 107.68936809174804, 180.8009955724802, 69.42621983083913, 0.0, 162.49615380063616, 35.38361202590826, 135.07405376311175, 211.98113123577767, 165.3148511174964, 164.45364088398895], [64.00781202322104, 104.4030650891055, 29.154759474226502, 194.91793144808406, 162.49615380063616, 0.0, 129.3560976529518, 155.72411502397438, 70.26378868236469, 106.10372283760829, 64.03124237432849], [76.36753236814714, 93.53608929178085, 146.16771189288008, 94.53041838477179, 35.38361202590826, 129.3560976529518, 0.0, 133.86933928274988, 183.5755975068582, 132.5028301584536, 129.20139318134306], [157.9271984174987, 55.44366510251645, 184.79177470872452, 99.18165152889924, 135.07405376311175, 155.72411502397438, 133.86933928274988, 0.0, 155.0, 231.0411218809327, 203.29781110479277], [131.46862743635836, 121.49485585818027, 84.17244204607586, 225.3619311241364, 211.98113123577767, 70.26378868236469, 183.5755975068582, 155.0, 0.0, 174.0258601472781, 130.60245020672468], [73.16419889536138, 175.8465239918037, 91.30169768410661, 225.83400983908513, 165.3148511174964, 106.10372283760829, 132.5028301584536, 231.0411218809327, 174.0258601472781, 0.0, 43.56604182158393], [54.56189146281496, 148.05404418657398, 47.853944456021594, 215.7614423385235, 164.45364088398895, 64.03124237432849, 129.20139318134306, 203.29781110479277, 130.60245020672468, 43.56604182158393, 0.0]]}, {"N": 11, "radius": 5, "total": 350, "budget_remain": 350, "R": 22500, "r": [9968.802101209776, 19135.47421305415, 7495.802347986666, 3113.5521879371104, 16562.66255358596, 16961.82873469133, 11603.723361656826, 8963.69109667502, 13550.831483744276, 15577.36254041353, 3552.3141050968384], "phi": [0.527751165953945, 3.7537904792753283, 2.7165388206584917, 2.7450579958951615, 1.4191256759999167, 2.119076759088429, 1.6290488123060292, 5.623976556495103, 4.716464631864878, 2.3978519642353575, 0.602906261894285], "x": [86, -113, -78, -51, 19, -67, -6, 74, 0, -91, 49], "y": [50, -79, 35, 21, 127, 111, 107, -57, -116, 84, 33], "xy": [[86, 50], [-113, -79], [-78, 35], [-51, 21], [19, 127], [-67, 111], [-6, 107], [74, -57], [0, -116], [-91, 84], [49, 33]], "city_start": [86, 50], "distance": [[0.0, 237.15395843207003, 164.68454693747074, 140.03570973148243, 102.06860437960343, 164.7118696390761, 108.2266141020775, 107.67079455451233, 186.9545399288287, 180.23595645708434, 40.718546143004666], [237.15395843207003, 0.0, 119.25183436744275, 117.66052864066182, 244.6630335788388, 195.48913013259843, 214.5809870421888, 188.28967045486058, 118.90332207301863, 164.47796204963143, 196.9466932954194], [164.68454693747074, 119.25183436744275, 0.0, 30.4138126514911, 133.6899397860587, 76.79192665899195, 101.82337649086284, 177.67385851610248, 169.95587662684687, 50.695167422546305, 127.01574705523721], [140.03570973148243, 117.66052864066182, 30.4138126514911, 0.0, 127.02755606560333, 91.41115905621152, 97.06183596038146, 147.33974345029924, 146.18481453283715, 74.62573282722254, 100.71742649611338], [102.06860437960343, 244.6630335788388, 133.6899397860587, 127.02755606560333, 0.0, 87.47571091451616, 32.01562118716424, 192.04426573058618, 243.74166652421167, 118.10588469674151, 98.67117106835208], [164.7118696390761, 195.48913013259843, 76.79192665899195, 91.41115905621152, 87.47571091451616, 0.0, 61.1310068623117, 219.32852071721086, 236.68122020980033, 36.124783736376884, 139.7855500400524], [108.2266141020775, 214.5809870421888, 101.82337649086284, 97.06183596038146, 32.01562118716424, 61.1310068623117, 0.0, 182.4719156473127, 223.0807028857494, 88.05679985100527, 92.20086767487604], [107.67079455451233, 188.28967045486058, 177.67385851610248, 147.33974345029924, 192.04426573058618, 219.32852071721086, 182.4719156473127, 0.0, 94.64142856064674, 217.03916697223107, 93.40770846134703], [186.9545399288287, 118.90332207301863, 169.95587662684687, 146.18481453283715, 243.74166652421167, 236.68122020980033, 223.0807028857494, 94.64142856064674, 0.0, 219.72937900972642, 156.85024705112835], [180.23595645708434, 164.47796204963143, 50.695167422546305, 74.62573282722254, 118.10588469674151, 36.124783736376884, 88.05679985100527, 217.03916697223107, 219.72937900972642, 0.0, 149.0], [40.718546143004666, 196.9466932954194, 127.01574705523721, 100.71742649611338, 98.67117106835208, 139.7855500400524, 92.20086767487604, 93.40770846134703, 156.85024705112835, 149.0, 0.0]]}, {"N": 11, "radius": 5, "total": 200, "budget_remain": 200, "R": 22500, "r": [127.58888512156646, 8795.238632647708, 6535.147077538138, 5127.968653639177, 20326.15261011018, 1179.6793612951096, 16494.356739004674, 2306.924720727435, 7610.822245466176, 20367.851659882606, 3662.6421077431482], "phi": [3.618264406685144, 4.7068368854525575, 5.508020145456247, 0.034145458613811935, 1.8050058962401885, 1.2376784003207872, 3.7306473663169455, 4.4917056075826, 5.150083949852268, 3.9796218307661673, 1.427897533175151], "x": [-10, 0, 57, 71, -33, 11, -106, -10, 36, -95, 8], "y": [-5, -93, -56, 2, 138, 32, -71, -46, -79, -106, 59], "xy": [[-10, -5], [0, -93], [57, -56], [71, 2], [-33, 138], [11, 32], [-106, -71], [-10, -46], [36, -79], [-95, -106], [8, 59]], "city_start": [-10, -5], "distance": [[0.0, 88.56635930193812, 84.20213774008353, 81.30190649671138, 144.83784035948617, 42.5440947723653, 116.49892703368559, 41.0, 87.13208364316786, 132.0075755401939, 66.48308055437865], [88.56635930193812, 0.0, 67.95586803212802, 118.6001686339442, 233.3452377915607, 125.4830665866913, 108.25894882179486, 48.05205510693585, 38.62641583165593, 95.88534820294495, 152.21038072352357], [84.20213774008353, 67.95586803212802, 0.0, 59.665735560705194, 213.85976713725282, 99.29753269845128, 163.68872899500442, 67.7421582177598, 31.144823004794873, 160.0124995117569, 125.00399993600205], [81.30190649671138, 118.6001686339442, 59.665735560705194, 0.0, 171.20747647226156, 67.08203932499369, 191.4627901186024, 94.15412895885129, 88.23831367382311, 198.04039991880444, 84.95881355103778], [144.83784035948617, 233.3452377915607, 213.85976713725282, 171.20747647226156, 0.0, 114.76933388322858, 221.38202275704322, 185.43192821086663, 227.705950734714, 251.75384803414624, 89.00561780022652], [42.5440947723653, 125.4830665866913, 99.29753269845128, 67.08203932499369, 114.76933388322858, 0.0, 155.87815754620658, 80.77747210701756, 113.78049041905207, 174.01149387324966, 27.16615541441225], [116.49892703368559, 108.25894882179486, 163.68872899500442, 191.4627901186024, 221.38202275704322, 155.87815754620658, 0.0, 99.20181449953424, 142.22517358048822, 36.68787265568828, 172.90459797240788], [41.0, 48.05205510693585, 67.7421582177598, 94.15412895885129, 185.43192821086663, 80.77747210701756, 99.20181449953424, 0.0, 56.61271941887264, 104.04326023342406, 106.53168542738823], [87.13208364316786, 38.62641583165593, 31.144823004794873, 88.23831367382311, 227.705950734714, 113.78049041905207, 142.22517358048822, 56.61271941887264, 0.0, 133.75350462698165, 140.81193131265547], [132.0075755401939, 95.88534820294495, 160.0124995117569, 198.04039991880444, 251.75384803414624, 174.01149387324966, 36.68787265568828, 104.04326023342406, 133.75350462698165, 0.0, 194.50963986394095], [66.48308055437865, 152.21038072352357, 125.00399993600205, 84.95881355103778, 89.00561780022652, 27.16615541441225, 172.90459797240788, 106.53168542738823, 140.81193131265547, 194.50963986394095, 0.0]]}, {"N": 11, "radius": 5, "total": 350, "budget_remain": 350, "R": 22500, "r": [21806.563533490935, 9885.35220654642, 20383.866287900182, 13037.775285296875, 17155.17336972255, 104.12163197897061, 4694.293532490073, 2654.3939596522914, 9960.233949687476, 21795.13600099879, 9665.21770497591], "phi": [0.699505558109758, 5.054985640790302, 5.943264262489473, 1.374081930220359, 5.427617682658988, 0.755502368152101, 4.2750289624896345, 4.8904071055550125, 2.8661339140554247, 2.843146165703504, 5.273544274582609], "x": [112, 33, 134, 22, 85, 7, -29, 9, -96, -141, 52], "y": [95, -93, -47, 111, -98, 6, -62, -50, 27, 43, -83], "xy": [[112, 95], [33, -93], [134, -47], [22, 111], [85, -98], [7, 6], [-29, -62], [9, -50], [-96, 27], [-141, 43], [52, -83]], "city_start": [112, 95], "distance": [[0.0, 203.92400545301183, 143.69411957348845, 91.41115905621152, 194.87944991712183, 137.64446955835166, 211.0213259365034, 177.85949510779568, 218.8332698654389, 258.28859827719845, 187.84035775093702], [203.92400545301183, 0.0, 110.98198051936178, 204.29635336931494, 52.23983154643591, 102.35721762533407, 69.31810730249349, 49.24428900898052, 176.18456232031227, 220.8438362282271, 21.470910553583888], [143.69411957348845, 110.98198051936178, 0.0, 193.66982212001952, 70.7248188403477, 137.6154061142865, 163.68872899500442, 125.03599481749245, 241.6112580158466, 289.35272592460575, 89.55445270895244], [91.41115905621152, 204.29635336931494, 193.66982212001952, 0.0, 218.28879952943075, 106.06601717798213, 180.36074961032958, 161.5239920259526, 144.84474446799925, 176.61540136692497, 196.3058837630701], [194.87944991712183, 52.23983154643591, 70.7248188403477, 218.28879952943075, 0.0, 130.0, 119.54915307102765, 89.88882021697692, 219.9681795169474, 266.3775516067373, 36.24913792078372], [137.64446955835166, 102.35721762533407, 137.6154061142865, 106.06601717798213, 130.0, 0.0, 76.94153624668537, 56.0357029044876, 105.11898020814318, 152.55490814785344, 99.72963451251589], [211.0213259365034, 69.31810730249349, 163.68872899500442, 180.36074961032958, 119.54915307102765, 76.94153624668537, 0.0, 39.84971769034255, 111.40017953306898, 153.52198539622916, 83.67795408588812], [177.85949510779568, 49.24428900898052, 125.03599481749245, 161.5239920259526, 89.88882021697692, 56.0357029044876, 39.84971769034255, 0.0, 130.20752666416791, 176.49079296099274, 54.20332093147061], [218.8332698654389, 176.18456232031227, 241.6112580158466, 144.84474446799925, 219.9681795169474, 105.11898020814318, 111.40017953306898, 130.20752666416791, 0.0, 47.75981574503821, 184.40173534975207], [258.28859827719845, 220.8438362282271, 289.35272592460575, 176.61540136692497, 266.3775516067373, 152.55490814785344, 153.52198539622916, 176.49079296099274, 47.75981574503821, 0.0, 230.4886114323222], [187.84035775093702, 21.470910553583888, 89.55445270895244, 196.3058837630701, 36.24913792078372, 99.72963451251589, 83.67795408588812, 54.20332093147061, 184.40173534975207, 230.4886114323222, 0.0]]}, {"N": 11, "radius": 5, "total": 200, "budget_remain": 200, "R": 22500, "r": [5130.306112864938, 13202.41432214936, 9054.61450303901, 14522.775731143844, 12634.013895692773, 16165.831452077478, 1729.5802108301573, 16295.886117408641, 21633.7297077515, 20740.674337681296, 1626.439603990006], "phi": [2.814925334148144, 2.2658845914744785, 6.268567791230481, 0.44065204167449834, 2.018125966027853, 2.8768991156373795, 1.3330226007335444, 3.7098918846553706, 1.7807507517123216, 0.3021864017770756, 0.7849310517845495], "x": [-67, -73, 95, 108, -48, -122, 9, -107, -30, 137, 28], "y": [22, 88, -1, 51, 101, 33, 40, -68, 143, 42, 28], "xy": [[-67, 22], [-73, 88], [95, -1], [108, 51], [-48, 101], [-122, 33], [9, 40], [-107, -68], [-30, 143], [137, 42], [28, 28]], "city_start": [-67, 22], "distance": [[0.0, 66.27216610312357, 163.62457028209425, 177.38658348364456, 81.25269226308751, 56.089214649520635, 78.10249675906654, 98.48857801796105, 126.53062870309307, 204.9780476051033, 95.1892851112981], [66.27216610312357, 0.0, 190.11838417154718, 184.74306482247175, 28.178005607210743, 73.66138744281159, 95.01578816175763, 159.66214329013624, 69.81403870282824, 214.97906874856446, 117.47765745025733], [163.62457028209425, 190.11838417154718, 0.0, 53.600373133029585, 175.65022060902743, 219.64744478368056, 95.2732911156112, 212.82152146810716, 190.68560512005095, 60.108235708594876, 73.00684899377592], [177.38658348364456, 184.74306482247175, 53.600373133029585, 0.0, 163.8169710378018, 230.70327262524907, 99.60923651951158, 245.7356303021603, 165.8553586713435, 30.364452901377952, 83.24061508662703], [81.25269226308751, 28.178005607210743, 175.65022060902743, 163.8169710378018, 0.0, 100.4987562112089, 83.48652585896721, 179.00279327429502, 45.69463863518345, 194.18032856085088, 105.38026380684383], [56.089214649520635, 73.66138744281159, 219.64744478368056, 230.70327262524907, 100.4987562112089, 0.0, 131.18688958886096, 102.1077861869505, 143.4015341619468, 259.15632348063593, 150.08331019803634], [78.10249675906654, 95.01578816175763, 95.2732911156112, 99.60923651951158, 83.48652585896721, 131.18688958886096, 0.0, 158.4929020492716, 110.13627921806692, 128.01562404644207, 22.47220505424423], [98.48857801796105, 159.66214329013624, 212.82152146810716, 245.7356303021603, 179.00279327429502, 102.1077861869505, 158.4929020492716, 0.0, 224.61077445216202, 267.6490239100453, 165.65325230734229], [126.53062870309307, 69.81403870282824, 190.68560512005095, 165.8553586713435, 45.69463863518345, 143.4015341619468, 110.13627921806692, 224.61077445216202, 0.0, 195.1665955024066, 128.79829191413992], [204.9780476051033, 214.97906874856446, 60.108235708594876, 30.364452901377952, 194.18032856085088, 259.15632348063593, 128.01562404644207, 267.6490239100453, 195.1665955024066, 0.0, 109.89540481748998], [95.1892851112981, 117.47765745025733, 73.00684899377592, 83.24061508662703, 105.38026380684383, 150.08331019803634, 22.47220505424423, 165.65325230734229, 128.79829191413992, 109.89540481748998, 0.0]]}, {"N": 11, "radius": 5, "total": 350, "budget_remain": 350, "R": 22500, "r": [16811.358102511196, 6755.780433994081, 12780.387375497448, 7739.588232055543, 20239.61762151729, 8349.07868029647, 995.5203500504742, 4986.745749072528, 6394.388221871789, 8426.295276486473, 2534.8972795966924], "phi": [3.068953739803896, 3.226722960095563, 3.1816896498985017, 3.08322004847697, 0.7769016646186887, 1.1584888225050916, 3.965039293338889, 2.4674541291476313, 3.7504426395595134, 0.6469787731713404, 5.827674556467524], "x": [-129, -81, -112, -87, 101, 36, -21, -55, -65, 73, 45], "y": [9, -6, -4, 5, 99, 83, -23, 44, -45, 55, -22], "xy": [[-129, 9], [-81, -6], [-112, -4], [-87, 5], [101, 99], [36, 83], [-21, -23], [-55, 44], [-65, -45], [73, 55], [45, -22]], "city_start": [-129, 9], "distance": [[0.0, 50.28916384272063, 21.400934559032695, 42.190046219457976, 246.9817807045694, 180.83417818543043, 112.64102272262978, 81.85963596303125, 83.73768566183328, 207.17142660125697, 176.7399219191861], [50.28916384272063, 0.0, 31.064449134018133, 12.529964086141668, 210.11663427725088, 147.00340132119393, 62.36184731067546, 56.356011214421486, 42.15447781671598, 165.64117845511726, 127.01181047445942], [21.400934559032695, 31.064449134018133, 0.0, 26.570660511172846, 236.59670327373541, 171.67702234137218, 92.9623579735368, 74.51845409024533, 62.369864518050704, 194.18032856085088, 158.02847844613325], [42.190046219457976, 12.529964086141668, 26.570660511172846, 0.0, 210.19038988498022, 145.64683312726027, 71.69379331573968, 50.44799302251776, 54.62600113499065, 167.6305461424021, 134.73306943731373], [246.9817807045694, 210.11663427725088, 236.59670327373541, 210.19038988498022, 0.0, 66.94027188471824, 172.5340546095176, 165.41160781517118, 219.75440837443966, 52.15361924162119, 133.33041663476493], [180.83417818543043, 147.00340132119393, 171.67702234137218, 145.64683312726027, 66.94027188471824, 0.0, 120.3536455617361, 99.00505037623081, 163.04907236779974, 46.400431032480725, 105.38500842150178], [112.64102272262978, 62.36184731067546, 92.9623579735368, 71.69379331573968, 172.5340546095176, 120.3536455617361, 0.0, 75.13321502504735, 49.193495504995376, 122.14745187681976, 66.007575322837], [81.85963596303125, 56.356011214421486, 74.51845409024533, 50.44799302251776, 165.41160781517118, 99.00505037623081, 75.13321502504735, 0.0, 89.56003573022959, 128.47178678604885, 119.81652640600127], [83.73768566183328, 42.15447781671598, 62.369864518050704, 54.62600113499065, 219.75440837443966, 163.04907236779974, 49.193495504995376, 89.56003573022959, 0.0, 170.42300314218147, 112.37882362794157], [207.17142660125697, 165.64117845511726, 194.18032856085088, 167.6305461424021, 52.15361924162119, 46.400431032480725, 122.14745187681976, 128.47178678604885, 170.42300314218147, 0.0, 81.93289937503738], [176.7399219191861, 127.01181047445942, 158.02847844613325, 134.73306943731373, 133.33041663476493, 105.38500842150178, 66.007575322837, 119.81652640600127, 112.37882362794157, 81.93289937503738, 0.0]]}, {"N": 11, "radius": 5, "total": 500, "budget_remain": 500, "R": 22500, "r": [15806.724834759027, 5468.951212839635, 14981.403948970927, 5608.197870277942, 8576.336544508844, 22421.21467872164, 6938.562322580766, 6228.157062790969, 200.40842614003463, 15900.734133827636, 17842.43324260578], "phi": [1.8190422636026975, 1.7492589315254408, 1.0334964295228626, 2.5037366040769866, 2.911213524671239, 1.508080968449286, 3.1810066961790415, 3.3809605312408113, 2.458472945374082, 3.7183267952069117, 4.514410626786411], "x": [-30, -13, 62, -60, -90, 9, -83, -76, -10, -105, -26], "y": [121, 72, 105, 44, 21, 149, -3, -18, 8, -68, -130], "xy": [[-30, 121], [-13, 72], [62, 105], [-60, 44], [-90, 21], [9, 149], [-83, -3], [-76, -18], [-10, 8], [-105, -68], [-26, -130]], "city_start": [-30, 121], "distance": [[0.0, 51.86520991955976, 93.38094023943002, 82.63776376451628, 116.61903789690601, 48.010415536631214, 134.8517704741024, 146.4137971640651, 114.75626344561765, 203.33715843396652, 251.03187048659777], [51.86520991955976, 0.0, 81.93900170248598, 54.70831746635972, 92.35799911215054, 80.0812087820857, 102.59142264341595, 109.85900054160332, 64.07027391856539, 167.5231327309754, 202.41788458533006], [93.38094023943002, 81.93900170248598, 0.0, 136.40014662748717, 173.6663467687393, 68.8839603971781, 180.8009955724802, 184.85940603604675, 120.80149005703531, 240.45373775427157, 250.9362468835461], [82.63776376451628, 54.70831746635972, 136.40014662748717, 0.0, 37.8021163428716, 125.64234954823155, 52.32590180780452, 64.03124237432849, 61.61168720299745, 120.70211265756701, 177.29072169744248], [116.61903789690601, 92.35799911215054, 173.6663467687393, 37.8021163428716, 0.0, 161.8177987738061, 25.0, 41.43669871020132, 81.04936767180853, 90.2551937563706, 164.00304875214974], [48.010415536631214, 80.0812087820857, 68.8839603971781, 125.64234954823155, 161.8177987738061, 0.0, 177.67385851610248, 187.38729946290383, 142.27438279606065, 245.12241839538055, 281.18677067031444], [134.8517704741024, 102.59142264341595, 180.8009955724802, 52.32590180780452, 25.0, 177.67385851610248, 0.0, 16.55294535724685, 73.824115301167, 68.62215385719105, 139.20488497175666], [146.4137971640651, 109.85900054160332, 184.85940603604675, 64.03124237432849, 41.43669871020132, 187.38729946290383, 16.55294535724685, 0.0, 70.9365914038728, 57.8013840664737, 122.65398485169571], [114.75626344561765, 64.07027391856539, 120.80149005703531, 61.61168720299745, 81.04936767180853, 142.27438279606065, 73.824115301167, 70.9365914038728, 0.0, 121.65936051122412, 138.92443989449805], [203.33715843396652, 167.5231327309754, 240.45373775427157, 120.70211265756701, 90.2551937563706, 245.12241839538055, 68.62215385719105, 57.8013840664737, 121.65936051122412, 0.0, 100.42410069301094], [251.03187048659777, 202.41788458533006, 250.9362468835461, 177.29072169744248, 164.00304875214974, 281.18677067031444, 139.20488497175666, 122.65398485169571, 138.92443989449805, 100.42410069301094, 0.0]]}, {"N": 11, "radius": 5, "total": 350, "budget_remain": 350, "R": 22500, "r": [5924.116847927102, 2260.8954787685343, 9712.846350021608, 10223.466991667137, 10096.676235358404, 2500.6550829001785, 7756.433461863417, 3122.2884277060357, 2675.082575731019, 21673.915831659306, 18748.26699971189], "phi": [3.630947122042454, 0.3093653133876022, 3.8216053377597934, 3.283679158560291, 4.1477619791319515, 3.4076587279549004, 2.1390068049102866, 0.6942246002250068, 4.510614347917225, 3.2349715390384968, 3.6702423779192057], "x": [-67, 45, -76, -100, -53, -48, -47, 42, -10, -146, -118], "y": [-36, 14, -61, -14, -84, -13, 74, 35, -50, -13, -69], "xy": [[-67, -36], [45, 14], [-76, -61], [-100, -14], [-53, -84], [-48, -13], [-47, 74], [42, 35], [-10, -50], [-146, -13], [-118, -69]], "city_start": [-67, -36], "distance": [[0.0, 122.65398485169571, 26.570660511172846, 39.66106403010388, 50.0, 29.832867780352597, 111.80339887498948, 130.08458786497346, 58.69412236331676, 82.28000972289685, 60.74537019394976], [122.65398485169571, 0.0, 142.35870187663275, 147.6787053031005, 138.59292911256333, 96.84007434941384, 109.83624174196785, 21.213203435596427, 84.38601779915912, 192.89893727027115, 182.91528093628483], [26.570660511172846, 142.35870187663275, 0.0, 52.773099207835045, 32.526911934581186, 55.569775957799216, 138.07968713753664, 152.11837495845134, 66.91038783328041, 84.87638069569178, 42.7551166528639], [39.66106403010388, 147.6787053031005, 52.773099207835045, 0.0, 84.31488599292535, 52.009614495783374, 102.7277956543408, 150.2165104108067, 96.93296652842108, 46.010868281309364, 57.87054518492115], [50.0, 138.59292911256333, 32.526911934581186, 84.31488599292535, 0.0, 71.17583859709698, 158.11388300841898, 152.2694979304785, 54.817880294662984, 117.00427342623003, 66.70832032063167], [29.832867780352597, 96.84007434941384, 55.569775957799216, 52.009614495783374, 71.17583859709698, 0.0, 87.00574693662483, 102.0, 53.03772242470448, 98.0, 89.64373932405988], [111.80339887498948, 109.83624174196785, 138.07968713753664, 102.7277956543408, 158.11388300841898, 87.00574693662483, 0.0, 97.16995420396162, 129.40247292845683, 131.79529581893277, 159.65587994182988], [130.08458786497346, 21.213203435596427, 152.11837495845134, 150.2165104108067, 152.2694979304785, 102.0, 97.16995420396162, 0.0, 99.64436762808022, 194.03092537015846, 190.829767070025], [58.69412236331676, 84.38601779915912, 66.91038783328041, 96.93296652842108, 54.817880294662984, 53.03772242470448, 129.40247292845683, 99.64436762808022, 0.0, 140.9432509913121, 109.65856099730654], [82.28000972289685, 192.89893727027115, 84.87638069569178, 46.010868281309364, 117.00427342623003, 98.0, 131.79529581893277, 194.03092537015846, 140.9432509913121, 0.0, 62.609903369994115], [60.74537019394976, 182.91528093628483, 42.7551166528639, 57.87054518492115, 66.70832032063167, 89.64373932405988, 159.65587994182988, 190.829767070025, 109.65856099730654, 62.609903369994115, 0.0]]}, {"N": 11, "radius": 5, "total": 500, "budget_remain": 500, "R": 22500, "r": [3757.476710683768, 16475.901075988048, 18437.85538204835, 11846.888636942793, 8217.29777427032, 20472.590175721092, 10922.125151429396, 16493.751053319847, 22227.305112564165, 8894.698083105053, 14601.76265088833], "phi": [5.66044625412084, 3.9804763519500352, 5.867636503384469, 4.677403940953197, 1.8440359084526845, 2.9221222875776816, 1.1002610921586313, 1.8588709936949999, 1.5698765219565403, 3.8663566925213018, 5.9123060739943485], "x": [49, -85, 124, -3, -24, -139, 47, -36, 0, -70, 112], "y": [-35, -95, -54, -108, 87, 31, 93, 123, 149, -62, -43], "xy": [[49, -35], [-85, -95], [124, -54], [-3, -108], [-24, 87], [-139, 31], [47, 93], [-36, 123], [0, 149], [-70, -62], [112, -43]], "city_start": [49, -35], "distance": [[0.0, 146.81961721786362, 77.3692445355388, 89.62700485902673, 142.1724305201258, 199.24858845171275, 128.01562404644207, 179.41293152947478, 190.41270965983338, 122.0245876862528, 63.50590523722971], [146.81961721786362, 0.0, 212.98356744124652, 83.02409288875127, 191.9505144562004, 137.08391590555036, 229.71286424577966, 223.4390297150433, 258.3815008858026, 36.24913792078372, 203.74739262135355], [77.3692445355388, 212.98356744124652, 0.0, 138.00362314084367, 204.41379601191306, 276.3946453895227, 165.94577427581578, 238.5979882563975, 237.87601812709073, 194.164878389476, 16.278820596099706], [89.62700485902673, 83.02409288875127, 138.00362314084367, 0.0, 196.12750954417385, 194.4659353203023, 207.12556578076016, 233.3452377915607, 257.0175091311874, 81.27115109311545, 132.09844813622905], [142.1724305201258, 191.9505144562004, 204.41379601191306, 196.12750954417385, 0.0, 127.91012469699183, 71.25307010929424, 37.94733192202055, 66.48308055437865, 155.93909067324972, 188.13824704190267], [199.24858845171275, 137.08391590555036, 276.3946453895227, 194.4659353203023, 127.91012469699183, 0.0, 196.06121493043952, 138.10503249338888, 182.33211456021672, 115.80155439371269, 261.6811036357039], [128.01562404644207, 229.71286424577966, 165.94577427581578, 207.12556578076016, 71.25307010929424, 196.06121493043952, 0.0, 88.25531145489205, 73.10950690573696, 194.20092687729377, 150.7348665704123], [179.41293152947478, 223.4390297150433, 238.5979882563975, 233.3452377915607, 37.94733192202055, 138.10503249338888, 88.25531145489205, 0.0, 44.40720662234904, 188.09837851507388, 222.39604313026794], [190.41270965983338, 258.3815008858026, 237.87601812709073, 257.0175091311874, 66.48308055437865, 182.33211456021672, 73.10950690573696, 44.40720662234904, 0.0, 222.3083444227859, 222.27910383119686], [122.0245876862528, 36.24913792078372, 194.164878389476, 81.27115109311545, 155.93909067324972, 115.80155439371269, 194.20092687729377, 188.09837851507388, 222.3083444227859, 0.0, 182.98907071188705], [63.50590523722971, 203.74739262135355, 16.278820596099706, 132.09844813622905, 188.13824704190267, 261.6811036357039, 150.7348665704123, 222.39604313026794, 222.27910383119686, 182.98907071188705, 0.0]]}, {"N": 11, "radius": 5, "total": 200, "budget_remain": 200, "R": 22500, "r": [8631.112970593022, 4778.823737433599, 19557.05828017345, 18259.689466248266, 5427.776372342079, 12689.008708555219, 3200.008393679302, 20247.44962491485, 13226.637960390335, 12727.54541245258, 11761.890690366223], "phi": [3.400206870324706, 4.373853850605885, 5.521404141847653, 2.4038268307583692, 2.8889976339698182, 0.2919615687195902, 4.3774607056589145, 2.572129138317076, 2.9695122941394003, 3.061513574525375, 1.267233609424221], "x": [-89, -22, 101, -99, -71, 107, -18, -119, -113, -112, 32], "y": [-23, -65, -96, 90, 18, 32, -53, 76, 19, 9, 103], "xy": [[-89, -23], [-22, -65], [101, -96], [-99, 90], [-71, 18], [107, 32], [-18, -53], [-119, 76], [-113, 19], [-112, 9], [32, 103]], "city_start": [-89, -23], "distance": [[0.0, 79.07591289387686, 203.54115063052976, 113.44161493913951, 44.77722635447622, 203.5706265648362, 77.07788269017254, 103.4456378974, 48.373546489791295, 39.408120990476064, 174.69115604403103], [79.07591289387686, 0.0, 126.84636376341263, 173.07223925286226, 96.38464608017192, 161.40012391568973, 12.649110640673518, 171.14321488157222, 123.84264209067892, 116.51609330903607, 176.4652940382329], [203.54115063052976, 126.84636376341263, 0.0, 273.12268305653413, 206.3492185592182, 128.14054783713078, 126.53062870309307, 279.25615481131297, 242.94237999986746, 237.47420912595962, 210.62288574606512], [113.44161493913951, 173.07223925286226, 273.12268305653413, 0.0, 77.25283166331187, 214.00934559032697, 164.34719346554112, 24.413111231467404, 72.3671196055225, 82.03657720797473, 131.64345787011217], [44.77722635447622, 96.38464608017192, 206.3492185592182, 77.25283166331187, 0.0, 178.54971296532514, 88.60022573334675, 75.28612089887484, 42.01190307520001, 41.97618372363071, 133.5440002396214], [203.5706265648362, 161.40012391568973, 128.14054783713078, 214.00934559032697, 178.54971296532514, 0.0, 151.16216457830973, 230.24334952393303, 220.38375620721234, 220.20445045457188, 103.27632836231156], [77.07788269017254, 12.649110640673518, 126.53062870309307, 164.34719346554112, 88.60022573334675, 151.16216457830973, 0.0, 163.835283135227, 119.20151005754919, 112.60550608207397, 163.8169710378018], [103.4456378974, 171.14321488157222, 279.25615481131297, 24.413111231467404, 75.28612089887484, 230.24334952393303, 163.835283135227, 0.0, 57.3149195236284, 67.36467917239716, 153.39491516996253], [48.373546489791295, 123.84264209067892, 242.94237999986746, 72.3671196055225, 42.01190307520001, 220.38375620721234, 119.20151005754919, 57.3149195236284, 0.0, 10.04987562112089, 167.57386431063765], [39.408120990476064, 116.51609330903607, 237.47420912595962, 82.03657720797473, 41.97618372363071, 220.20445045457188, 112.60550608207397, 67.36467917239716, 10.04987562112089, 0.0, 171.96511274092776], [174.69115604403103, 176.4652940382329, 210.62288574606512, 131.64345787011217, 133.5440002396214, 103.27632836231156, 163.8169710378018, 153.39491516996253, 167.57386431063765, 171.96511274092776, 0.0]]}, {"N": 11, "radius": 5, "total": 500, "budget_remain": 500, "R": 22500, "r": [3670.1303781456118, 16175.363916862874, 15967.178352427816, 1172.2821742640563, 15050.543093729657, 12417.50227581322, 1941.3566587044188, 11433.363419493211, 21538.44891932115, 9731.548686127042, 8799.899274486988], "phi": [3.768378600532323, 0.8330577281103869, 0.26806974233944697, 1.911984773244258, 6.1944659034260035, 4.2671348389781745, 2.837641339467502, 5.572746019785993, 0.47865653752335385, 6.16382548677037, 4.663461268408972], "x": [-49, 85, 121, -11, 122, -47, -42, 81, 130, 97, -4], "y": [-35, 94, 33, 32, -10, -100, 13, -69, 67, -11, -93], "xy": [[-49, -35], [85, 94], [121, 33], [-11, 32], [122, -10], [-47, -100], [-42, 13], [81, -69], [130, 67], [97, -11], [-4, -93]], "city_start": [-49, -35], "distance": [[0.0, 186.00268815261785, 183.09560344257315, 77.02596964660685, 172.81782315490494, 65.03076195155643, 48.507731342539614, 134.3726162