[[{"N": 11, "radius": 10, "total": 500, "budget_remain": 500, "R": 22500, "r": [3935.867018807993, 2412.011546359353, 2438.1697617232257, 20001.530955139537, 20330.95470913696, 21909.983737028117, 15291.18561781591, 8062.187351859817, 16197.0198094451, 5144.984444765322, 7024.1581026947215], "phi": [2.6744647984831014, 1.188854922002642, 2.2085108041751407, 1.8780481105074094, 3.1075134859723, 2.8581946858364624, 2.478329136816453, 0.6546640193740598, 1.6637039212666125, 2.5965382053767905, 2.1100365839216515], "x": [-56, 18, -29, -42, -142, -142, -97, 71, -11, -61, -43], "y": [28, 45, 39, 134, 4, 41, 76, 54, 126, 37, 71], "xy": [[-56, 28], [18, 45], [-29, 39], [-42, 134], [-142, 4], [-142, 41], [-97, 76], [71, 54], [-11, 126], [-61, 37], [-43, 71]], "city_start": [-56, 28], "distance": [[0.0, 75.92759709091287, 29.154759474226502, 106.92053123698928, 89.28605714219886, 86.97700845625813, 63.12685640834652, 129.634100452003, 107.83784122468327, 10.295630140987, 44.9221548904324], [75.92759709091287, 0.0, 47.38143096192854, 107.33592129385204, 165.1696097955069, 160.04999218994044, 119.10499569707393, 53.75872022286245, 86.03487664894976, 79.40403012442127, 66.30987860040162], [29.154759474226502, 47.38143096192854, 0.0, 95.88534820294495, 118.29623831720095, 113.01769772916099, 77.41446893184762, 101.11874208078342, 88.84255736976509, 32.0624390837628, 34.92849839314596], [106.92053123698928, 107.33592129385204, 95.88534820294495, 0.0, 164.01219466856725, 136.56134152826706, 79.93122043357026, 138.45215780189199, 32.01562118716424, 98.84331034521254, 63.00793600809346], [89.28605714219886, 165.1696097955069, 118.29623831720095, 164.01219466856725, 0.0, 37.0, 84.90583018850944, 218.78985351245154, 179.0111728356641, 87.46427842267951, 119.54078801814885], [86.97700845625813, 160.04999218994044, 113.01769772916099, 136.56134152826706, 37.0, 0.0, 57.0087712549569, 213.39634486091836, 156.16017418023074, 81.09870529176159, 103.4456378974], [63.12685640834652, 119.10499569707393, 77.41446893184762, 79.93122043357026, 84.90583018850944, 57.0087712549569, 0.0, 169.43435306926398, 99.4786409235671, 53.075418038862395, 54.230987451824994], [129.634100452003, 53.75872022286245, 101.11874208078342, 138.45215780189199, 218.78985351245154, 213.39634486091836, 169.43435306926398, 0.0, 109.12378292562992, 133.09019498069722, 115.26057435220423], [107.83784122468327, 86.03487664894976, 88.84255736976509, 32.01562118716424, 179.0111728356641, 156.16017418023074, 99.4786409235671, 109.12378292562992, 0.0, 102.08329931972223, 63.631753079732135], [10.295630140987, 79.40403012442127, 32.0624390837628, 98.84331034521254, 87.46427842267951, 81.09870529176159, 53.075418038862395, 133.09019498069722, 102.08329931972223, 0.0, 38.47076812334269], [44.9221548904324, 66.30987860040162, 34.92849839314596, 63.00793600809346, 119.54078801814885, 103.4456378974, 54.230987451824994, 115.26057435220423, 63.631753079732135, 38.47076812334269, 0.0]]}, {"N": 11, "radius": 10, "total": 350, "budget_remain": 350, "R": 22500, "r": [6911.618217731669, 2355.270402176293, 12351.844662387852, 18081.313966105423, 6135.012641071256, 7146.119973583705, 15695.734718449356, 12272.734328282639, 2471.868944920007, 14091.071301024469, 6114.405814967776], "phi": [0.13909935442096064, 0.23147701605392984, 3.205930895601847, 0.29938536648119946, 4.134776880248755, 5.305651078001898, 0.16867050735848532, 3.9524087902074503, 4.852354462386884, 1.9299999874810438, 5.1144883535003], "x": [82, 47, -110, 128, -42, 47, 123, -76, 6, -41, 30], "y": [11, 11, -7, 39, -65, -70, 21, -80, -49, 111, -71], "xy": [[82, 11], [47, 11], [-110, -7], [128, 39], [-42, -65], [47, -70], [123, 21], [-76, -80], [6, -49], [-41, 111], [30, -71]], "city_start": [82, 11], "distance": [[0.0, 35.0, 192.84190415985836, 53.85164807134504, 145.43727170158274, 88.23831367382311, 42.20189569201838, 182.33211456021672, 96.82974749528164, 158.52129194527782, 97.09788875150684], [35.0, 0.0, 158.02847844613325, 85.70297544426332, 117.0341830406826, 81.0, 76.6550715869472, 153.00326793895613, 72.67048919609665, 133.2066064427737, 83.74365647617735], [192.84190415985836, 158.02847844613325, 0.0, 242.404620418011, 89.37561188601732, 169.1685549976709, 234.6763729053268, 80.52949770115296, 123.36936410632909, 136.69308687713507, 153.93505123915085], [53.85164807134504, 85.70297544426332, 242.404620418011, 0.0, 199.28873525616044, 135.80132547217644, 18.681541692269406, 236.17154782064668, 150.42606157179014, 183.69812192834198, 147.32277488562318], [145.43727170158274, 117.0341830406826, 89.37561188601732, 199.28873525616044, 0.0, 89.1403387922662, 186.06719216455113, 37.16180835212409, 50.59644256269407, 176.00284088616297, 72.24956747275377], [88.23831367382311, 81.0, 169.1685549976709, 135.80132547217644, 89.1403387922662, 0.0, 118.56221995222593, 123.40583454602137, 46.06517122512408, 201.25854019146615, 17.029386365926403], [42.20189569201838, 76.6550715869472, 234.6763729053268, 18.681541692269406, 186.06719216455113, 118.56221995222593, 0.0, 223.16361710637332, 136.34148304899725, 187.0721785835617, 130.8166656049603], [182.33211456021672, 153.00326793895613, 80.52949770115296, 236.17154782064668, 37.16180835212409, 123.40583454602137, 223.16361710637332, 0.0, 87.66413177577246, 194.18032856085088, 106.38138934982942], [96.82974749528164, 72.67048919609665, 123.36936410632909, 150.42606157179014, 50.59644256269407, 46.06517122512408, 136.34148304899725, 87.66413177577246, 0.0, 166.76030702778164, 32.55764119219941], [158.52129194527782, 133.2066064427737, 136.69308687713507, 183.69812192834198, 176.00284088616297, 201.25854019146615, 187.0721785835617, 194.18032856085088, 166.76030702778164, 0.0, 195.35864454894235], [97.09788875150684, 83.74365647617735, 153.93505123915085, 147.32277488562318, 72.24956747275377, 17.029386365926403, 130.8166656049603, 106.38138934982942, 32.55764119219941, 195.35864454894235, 0.0]]}, {"N": 11, "radius": 10, "total": 350, "budget_remain": 350, "R": 22500, "r": [9830.318054382138, 8330.024957805783, 15753.58142586858, 2987.9971612162253, 3025.2869659841235, 16721.818607995527, 2713.3974997492264, 5618.920865781475, 10328.099326737734, 1678.4751515818618, 4648.075018377257], "phi": [5.937999900000772, 0.6983593781569835, 3.6267253499943126, 5.058179609738748, 1.6085739672194073, 4.829677768835302, 0.3122516900060646, 4.2027634190733725, 3.8604949454220887, 2.66462309154407, 5.0181040511431245], "x": [93, 69, -111, 18, -2, 15, 49, -36, -76, -36, 20], "y": [-33, 58, -58, -51, 54, -128, 16, -65, -66, 18, -65], "xy": [[93, -33], [69, 58], [-111, -58], [18, -51], [-2, 54], [15, -128], [49, 16], [-36, -65], [-76, -66], [-36, 18], [20, -65]], "city_start": [93, -33], "distance": [[0.0, 94.11163583744573, 205.526154053444, 77.12976079309465, 128.81770064707723, 122.9186723000212, 65.85590330410783, 132.90974381135493, 172.19175357722565, 138.7155362603627, 79.7057087039567], [94.11163583744573, 0.0, 214.14014102918676, 120.34118164618461, 71.11258679024411, 193.68014869882768, 46.51881339845203, 161.72198366332265, 190.79046097748179, 112.36102527122117, 132.4009063413087], [205.526154053444, 214.14014102918676, 0.0, 129.18978287774928, 156.28499608087785, 144.138821973818, 176.28386199536246, 75.32595834106593, 35.90264614203248, 106.77546534667971, 131.18688958886096], [77.12976079309465, 120.34118164618461, 129.18978287774928, 0.0, 106.88779163215975, 77.05841939723393, 73.824115301167, 55.78530272392541, 95.1892851112981, 87.6184911990614, 14.142135623730951], [128.81770064707723, 71.11258679024411, 156.28499608087785, 106.88779163215975, 0.0, 182.7922317824256, 63.60031446463138, 123.76186811776881, 140.98226838861686, 49.51767361255979, 121.01652779682617], [122.9186723000212, 193.68014869882768, 144.138821973818, 77.05841939723393, 182.7922317824256, 0.0, 147.95945390545344, 81.05553651663777, 110.11357772772621, 154.65122049308243, 63.198101237299845], [65.85590330410783, 46.51881339845203, 176.28386199536246, 73.824115301167, 63.60031446463138, 147.95945390545344, 0.0, 117.41379816699569, 149.4958193395387, 85.0235261559999, 86.03487664894976], [132.90974381135493, 161.72198366332265, 75.32595834106593, 55.78530272392541, 123.76186811776881, 81.05553651663777, 117.41379816699569, 0.0, 40.01249804748511, 83.0, 56.0], [172.19175357722565, 190.79046097748179, 35.90264614203248, 95.1892851112981, 140.98226838861686, 110.11357772772621, 149.4958193395387, 40.01249804748511, 0.0, 93.03762679690406, 96.00520819205592], [138.7155362603627, 112.36102527122117, 106.77546534667971, 87.6184911990614, 49.51767361255979, 154.65122049308243, 85.0235261559999, 83.0, 93.03762679690406, 0.0, 100.12492197250393], [79.7057087039567, 132.4009063413087, 131.18688958886096, 14.142135623730951, 121.01652779682617, 63.198101237299845, 86.03487664894976, 56.0, 96.00520819205592, 100.12492197250393, 0.0]]}, {"N": 11, "radius": 10, "total": 350, "budget_remain": 350, "R": 22500, "r": [10616.303720650683, 15611.642068731162, 17776.344440738794, 19075.341598132443, 17594.397772248078, 12557.466445437436, 19969.84120227373, 17699.238002660586, 5364.840435839666, 16323.199606172984, 17915.993461562055], "phi": [5.733811616675128, 4.484975604654244, 3.007763275630429, 5.178784718134749, 5.252512537668649, 5.264972818905375, 3.871352815496748, 1.7384655393855362, 3.714217903624192, 1.824453996499601, 1.2066676099412268], "x": [87, -28, -132, 62, 68, 58, -105, -22, -61, -32, 47], "y": [-53, -121, 17, -123, -113, -95, -94, 131, -39, 123, 125], "xy": [[87, -53], [-28, -121], [-132, 17], [62, -123], [68, -113], [58, -95], [-105, -94], [-22, 131], [-61, -39], [-32, 123], [47, 125]], "city_start": [87, -53], "distance": [[0.0, 133.60014970051492, 229.91520175925731, 74.33034373659252, 62.93647591023825, 51.03920062069938, 196.32880583347927, 213.86210510513544, 148.66068747318505, 212.4547010541306, 182.43903091169938], [133.60014970051492, 0.0, 172.80046296234278, 90.0222194794152, 96.33275663033837, 89.8443097808648, 81.59656855530139, 252.07141845120006, 88.3911760301898, 244.0327846827143, 257.1789260417735], [229.91520175925731, 172.80046296234278, 0.0, 239.240464804765, 238.53720883753127, 220.55384830013736, 114.23659658795863, 158.41717078650282, 90.4267659490264, 145.72576985557495, 209.05740838343903], [74.33034373659252, 90.0222194794152, 239.240464804765, 0.0, 11.661903789690601, 28.284271247461902, 169.49926253526885, 267.52943763257156, 148.94629904767692, 263.3476789341421, 248.45321491178174], [62.93647591023825, 96.33275663033837, 238.53720883753127, 11.661903789690601, 0.0, 20.591260281974, 174.04022523543227, 260.06922155457, 148.71785366928881, 256.3123094976127, 238.92467432226417], [51.03920062069938, 89.8443097808648, 220.55384830013736, 28.284271247461902, 20.591260281974, 0.0, 163.00306745579974, 239.74152748324602, 131.51805959639154, 235.84740829612693, 220.27482833950864], [196.32880583347927, 81.59656855530139, 114.23659658795863, 169.49926253526885, 174.04022523543227, 163.00306745579974, 0.0, 239.8207664069148, 70.43436661176133, 228.9497761518888, 266.58019431308094], [213.86210510513544, 252.07141845120006, 158.41717078650282, 267.52943763257156, 260.06922155457, 239.74152748324602, 239.8207664069148, 0.0, 174.4161689752415, 12.806248474865697, 69.26037828369117], [148.66068747318505, 88.3911760301898, 90.4267659490264, 148.94629904767692, 148.71785366928881, 131.51805959639154, 70.43436661176133, 174.4161689752415, 0.0, 164.57521077003062, 196.36700333813724], [212.4547010541306, 244.0327846827143, 145.72576985557495, 263.3476789341421, 256.3123094976127, 235.84740829612693, 228.9497761518888, 12.806248474865697, 164.57521077003062, 0.0, 79.02531240052139], [182.43903091169938, 257.1789260417735, 209.05740838343903, 248.45321491178174, 238.92467432226417, 220.27482833950864, 266.58019431308094, 69.26037828369117, 196.36700333813724, 79.02531240052139, 0.0]]}, {"N": 11, "radius": 10, "total": 350, "budget_remain": 350, "R": 22500, "r": [16433.11587632574, 21757.50637888747, 6688.292259366802, 348.4778780673567, 21528.913195599067, 11900.79890362605, 12980.638741124567, 4853.85576320525, 21412.792600652567, 7194.64758130458, 19986.67758847689], "phi": [4.648420483988912, 4.857004545725427, 1.249925065022007, 2.2413385835525856, 0.18506091472161026, 1.3134717729439414, 2.119034194748944, 5.198143036332169, 2.6336378867040446, 0.8733923118972398, 0.2839648324880995], "x": [-8, 21, 25, -11, 144, 27, -59, 32, -127, 54, 135], "y": [-127, -145, 77, 14, 26, 105, 97, -61, 71, 65, 39], "xy": [[-8, -127], [21, -145], [25, 77], [-11, 14], [144, 26], [27, 105], [-59, 97], [32, -61], [-127, 71], [54, 65], [135, 39]], "city_start": [-8, -127], "distance": [[0.0, 34.132096331752024, 206.65188119153427, 141.0319112825179, 215.6687274502263, 234.62523308459387, 229.73245308401684, 77.17512552629896, 231.00865784641059, 201.76223630798702, 219.10043359153812], [34.132096331752024, 0.0, 222.03603311174518, 162.18816233005415, 210.6418761785035, 250.0719896349849, 254.8803640926464, 84.71717653463199, 261.83964558485025, 212.5770448566825, 216.453228204155], [206.65188119153427, 222.03603311174518, 0.0, 72.56031973468694, 129.46814279968643, 28.071337695236398, 86.34813257969161, 138.1774221788784, 152.11837495845134, 31.38470965295043, 116.37869220780924], [141.0319112825179, 162.18816233005415, 72.56031973468694, 0.0, 155.46382215808282, 98.6154146165801, 95.88013350011565, 86.45229898620394, 129.24782396620841, 82.61961026293939, 148.12494725737457], [215.6687274502263, 210.6418761785035, 129.46814279968643, 155.46382215808282, 0.0, 141.1736519326464, 215.05813167606567, 141.82030884185804, 274.71075697904513, 98.08669634563088, 15.811388300841896], [234.62523308459387, 250.0719896349849, 28.071337695236398, 98.6154146165801, 141.1736519326464, 0.0, 86.37129152675674, 166.0752841334315, 157.70859202973057, 48.25971404805462, 126.57013865837392], [229.73245308401684, 254.8803640926464, 86.34813257969161, 95.88013350011565, 215.05813167606567, 86.37129152675674, 0.0, 182.33211456021672, 72.80109889280519, 117.44360348695028, 202.48456731316588], [77.17512552629896, 84.71717653463199, 138.1774221788784, 86.45229898620394, 141.82030884185804, 166.0752841334315, 182.33211456021672, 0.0, 206.65188119153427, 127.90621564255585, 143.55835050598765], [231.00865784641059, 261.83964558485025, 152.11837495845134, 129.24782396620841, 274.71075697904513, 157.70859202973057, 72.80109889280519, 206.65188119153427, 0.0, 181.0994202089007, 263.9469643697385], [201.76223630798702, 212.5770448566825, 31.38470965295043, 82.61961026293939, 98.08669634563088, 48.25971404805462, 117.44360348695028, 127.90621564255585, 181.0994202089007, 0.0, 85.07055894961546], [219.10043359153812, 216.453228204155, 116.37869220780924, 148.12494725737457, 15.811388300841896, 126.57013865837392, 202.48456731316588, 143.55835050598765, 263.9469643697385, 85.07055894961546, 0.0]]}, {"N": 11, "radius": 10, "total": 500, "budget_remain": 500, "R": 22500, "r": [11912.410103843727, 6943.591615066083, 21246.071059158465, 22487.933002261838, 17838.846089680545, 15296.51587333658, 18133.753555531523, 12855.500322512962, 4738.495946095755, 7630.9421986243215, 19477.493684766923], "phi": [6.054898047123482, 5.174242464623521, 3.9966199413800787, 2.8987467312726736, 1.855672379669109, 1.794553190745229, 0.029680592451385476, 3.838694254217374, 5.774173322310837, 4.349574094271687, 0.5033318775757664], "x": [106, 37, -95, -145, -37, -27, 134, -86, 60, -31, 122], "y": [-24, -74, -109, 36, 128, 120, 3, -72, -33, -81, 67], "xy": [[106, -24], [37, -74], [-95, -109], [-145, 36], [-37, 128], [-27, 120], [134, 3], [-86, -72], [60, -33], [-31, -81], [122, 67]], "city_start": [106, -24], "distance": [[0.0, 85.21150157109074, 218.23381956058049, 258.07169546465184, 208.6935552430884, 196.02295783912658, 38.897300677553446, 197.9090700296477, 46.87216658103186, 148.38463532320318, 92.39588735436226], [85.21150157109074, 0.0, 136.56134152826706, 212.6593520163174, 215.1278689523977, 204.2841158778626, 123.84667940643382, 123.01625908797584, 47.01063709417264, 68.3593446428504, 164.63899902513984], [218.23381956058049, 136.56134152826706, 0.0, 153.37861650177967, 243.9938523815713, 238.88281646028875, 254.9215565620138, 38.07886552931954, 172.62966141425406, 69.85699678629192, 279.4011453090341], [258.07169546465184, 212.6593520163174, 153.37861650177967, 0.0, 141.8731828077456, 144.84474446799925, 280.94483444263574, 123.06502346320826, 216.3007165961315, 163.35544068074378, 268.79360111431225], [208.6935552430884, 215.1278689523977, 243.9938523815713, 141.8731828077456, 0.0, 12.806248474865697, 211.81595785020542, 205.91503102007877, 187.9627622695517, 209.0861066642162, 170.29973576021777], [196.02295783912658, 204.2841158778626, 238.88281646028875, 144.84474446799925, 12.806248474865697, 0.0, 199.0226117806718, 200.8606482116395, 176.00568172647155, 201.03979705520993, 158.14550262337528], [38.897300677553446, 123.84667940643382, 254.9215565620138, 280.94483444263574, 211.81595785020542, 199.0226117806718, 0.0, 232.43278598338918, 82.29216244576394, 185.15128949051368, 65.11528238439882], [197.9090700296477, 123.01625908797584, 38.07886552931954, 123.06502346320826, 205.91503102007877, 200.8606482116395, 232.43278598338918, 0.0, 151.11915828246265, 55.731499172371095, 250.16994223927063], [46.87216658103186, 47.01063709417264, 172.62966141425406, 216.3007165961315, 187.9627622695517, 176.00568172647155, 82.29216244576394, 151.11915828246265, 0.0, 102.88342918079665, 117.66052864066182], [148.38463532320318, 68.3593446428504, 69.85699678629192, 163.35544068074378, 209.0861066642162, 201.03979705520993, 185.15128949051368, 55.731499172371095, 102.88342918079665, 0.0, 212.8685040112792], [92.39588735436226, 164.63899902513984, 279.4011453090341, 268.79360111431225, 170.29973576021777, 158.14550262337528, 65.11528238439882, 250.16994223927063, 117.66052864066182, 212.8685040112792, 0.0]]}, {"N": 11, "radius": 10, "total": 350, "budget_remain": 350, "R": 22500, "r": [3189.039289171235, 11596.803222637496, 19348.697681768965, 10090.415668191863, 19278.82978322381, 7122.053118206705, 21379.58637212883, 6560.763255639039, 10732.14680087638, 1948.2054189151772, 15284.380299726286], "phi": [5.678902507395865, 2.573002094952913, 3.682814699827534, 6.1184881532824384, 5.273631755834718, 4.3776469106808475, 1.1420979004433034, 5.501660104170331, 1.3651663880106055, 3.1018620245494883, 2.6485944931043575], "x": [46, -90, -119, 99, 73, -27, 60, 57, 21, -44, -108], "y": [-32, 57, -71, -16, -117, -79, 132, -57, 101, 1, 58], "xy": [[46, -32], [-90, 57], [-119, -71], [99, -16], [73, -117], [-27, -79], [60, 132], [57, -57], [21, 101], [-44, 1], [-108, 58]], "city_start": [46, -32], "distance": [[0.0, 162.53307355735325, 169.5464538113375, 55.362442142665635, 89.1852005660132, 86.82165628459296, 164.59647626847908, 27.313000567495326, 135.32922818075923, 95.85927185202274, 178.3704011320264], [162.53307355735325, 0.0, 131.24404748406687, 202.6079958935481, 238.42189496772312, 149.88328792764054, 167.70509831248424, 186.02419197512995, 119.4026800369238, 72.47068372797375, 18.027756377319946], [169.5464538113375, 131.24404748406687, 0.0, 224.83104767802868, 197.43353311937665, 92.34717104492157, 270.64737205448716, 176.555940143627, 221.7746604100658, 103.96634070698073, 129.46814279968643], [55.362442142665635, 202.6079958935481, 224.83104767802868, 0.0, 104.29285689825551, 140.87228258248675, 153.05227865013967, 58.69412236331676, 140.61649974309557, 144.00694427700353, 219.82947936980608], [89.1852005660132, 238.42189496772312, 197.43353311937665, 104.29285689825551, 0.0, 106.97663296253066, 249.33912649241395, 62.0966987850401, 224.11604137142882, 166.1715980545412, 251.76576415390556], [86.82165628459296, 149.88328792764054, 92.34717104492157, 140.87228258248675, 106.97663296253066, 0.0, 228.23233776132602, 86.83317338436964, 186.29009635512028, 81.78630692236935, 159.15401345866212], [164.59647626847908, 167.70509831248424, 270.64737205448716, 153.05227865013967, 249.33912649241395, 228.23233776132602, 0.0, 189.02380802428036, 49.8196748283246, 167.26326554267678, 183.5755975068582], [27.313000567495326, 186.02419197512995, 176.555940143627, 58.69412236331676, 62.0966987850401, 86.83317338436964, 189.02380802428036, 0.0, 162.04937519163718, 116.46887996370532, 201.12185361118767], [135.32922818075923, 119.4026800369238, 221.7746604100658, 140.61649974309557, 224.11604137142882, 186.29009635512028, 49.8196748283246, 162.04937519163718, 0.0, 119.26860441876563, 135.9779393872403], [95.85927185202274, 72.47068372797375, 103.96634070698073, 144.00694427700353, 166.1715980545412, 81.78630692236935, 167.26326554267678, 116.46887996370532, 119.26860441876563, 0.0, 85.70297544426332], [178.3704011320264, 18.027756377319946, 129.46814279968643, 219.82947936980608, 251.76576415390556, 159.15401345866212, 183.5755975068582, 201.12185361118767, 135.9779393872403, 85.70297544426332, 0.0]]}, {"N": 11, "radius": 10, "total": 200, "budget_remain": 200, "R": 22500, "r": [9142.267183475635, 11044.004984006624, 16895.630018940225, 7846.97375819178, 16653.950599794538, 10813.957131579822, 15276.163184531231, 19548.092233293726, 2307.612590813874, 2898.132068921852, 13790.389414957244], "phi": [4.035858114830114, 1.9989848023551708, 2.6349873770994123, 6.199096456791267, 4.3512812167629535, 3.3050580951473227, 1.4639556928173492, 2.8808187770104263, 0.004310938764748957, 3.2234642255650545, 3.970781145290915], "x": [-59, -43, -113, 88, -45, -102, 13, -135, 48, -53, -79], "y": [-74, 95, 63, -7, -120, -16, 122, 36, 0, -4, -86], "xy": [[-59, -74], [-43, 95], [-113, 63], [88, -7], [-45, -120], [-102, -16], [13, 122], [-135, 36], [48, 0], [-53, -4], [-79, -86]], "city_start": [-59, -74], "distance": [[0.0, 169.75570682601514, 147.2582765076381, 161.54875425084526, 48.08326112068523, 72.20110802473879, 208.806130178211, 133.70115930686615, 130.09611831257686, 70.25667228100119, 23.323807579381203], [169.75570682601514, 0.0, 76.96752561957543, 166.02710622064097, 215.00930212434997, 125.70600622086441, 62.16912416947821, 109.29318368498559, 131.55227098001768, 99.50376877284599, 184.5453873712372], [147.2582765076381, 76.96752561957543, 0.0, 212.84031572989173, 195.2255106280939, 79.76214641043707, 139.12943613772032, 34.828149534535996, 172.88724649319857, 89.9388681271896, 152.82997088267732], [161.54875425084526, 166.02710622064097, 212.84031572989173, 0.0, 174.52220489095365, 190.21303845951255, 149.21796138535066, 227.1079038695043, 40.607881008493905, 141.0319112825179, 184.74306482247175], [48.08326112068523, 215.00930212434997, 195.2255106280939, 174.52220489095365, 0.0, 118.59595271340417, 248.85337048149458, 180.0999722376436, 151.81897114655993, 116.27553482998907, 48.08326112068523], [72.20110802473879, 125.70600622086441, 79.76214641043707, 190.21303845951255, 118.59595271340417, 0.0, 179.63574254585305, 61.587336360651285, 150.8509197850646, 50.44799302251776, 73.68174807915459], [208.806130178211, 62.16912416947821, 139.12943613772032, 149.21796138535066, 248.85337048149458, 179.63574254585305, 0.0, 171.1724276862369, 126.92123541787639, 142.23923509355637, 227.437903613272], [133.70115930686615, 109.29318368498559, 34.828149534535996, 227.1079038695043, 180.0999722376436, 61.587336360651285, 171.1724276862369, 0.0, 186.50737250843463, 91.23595782365635, 134.23859355639868], [130.09611831257686, 131.55227098001768, 172.88724649319857, 40.607881008493905, 151.81897114655993, 150.8509197850646, 126.92123541787639, 186.50737250843463, 0.0, 101.07917688624102, 153.37861650177967], [70.25667228100119, 99.50376877284599, 89.9388681271896, 141.0319112825179, 116.27553482998907, 50.44799302251776, 142.23923509355637, 91.23595782365635, 101.07917688624102, 0.0, 86.02325267042627], [23.323807579381203, 184.5453873712372, 152.82997088267732, 184.74306482247175, 48.08326112068523, 73.68174807915459, 227.437903613272, 134.23859355639868, 153.37861650177967, 86.02325267042627, 0.0]]}, {"N": 11, "radius": 10, "total": 200, "budget_remain": 200, "R": 22500, "r": [784.4485246697078, 18342.16737738328, 8557.900005181305, 1656.7040942778838, 12278.024364698562, 17108.644923757507, 2946.1200913683224, 17498.372538967044, 20831.869775172727, 17969.93133826509, 10199.307541735363], "phi": [6.185909839473501, 5.63032008071002, 4.779200964793122, 3.6810543945223015, 1.790537239221683, 4.506736344395579, 0.1996846483932154, 2.267328708901829, 6.03568125428845, 5.529225378212697, 6.047767521919278], "x": [27, 107, 6, -34, -24, -26, 53, -84, 139, 97, 98], "y": [-2, -82, -92, -20, 108, -128, 10, 101, -35, -91, -23], "xy": [[27, -2], [107, -82], [6, -92], [-34, -20], [-24, 108], [-26, -128], [53, 10], [-84, 101], [139, -35], [97, -91], [98, -23]], "city_start": [27, -2], "distance": [[0.0, 113.13708498984761, 92.41753080449618, 63.60031446463138, 121.24768039018313, 136.69308687713507, 28.635642126552707, 151.42654985173505, 116.76043850551436, 113.22985472038724, 74.04052944165107], [113.13708498984761, 0.0, 101.49384217774002, 154.02921800749363, 230.7834482799839, 140.73023839957068, 106.6770828247567, 264.51843035977663, 56.859475903318, 13.45362404707371, 59.682493245507096], [92.41753080449618, 101.49384217774002, 0.0, 82.365041127896, 202.23748416156684, 48.16637831516918, 112.30761327710601, 212.9530464679949, 144.69968901141425, 91.00549433962765, 115.0], [63.60031446463138, 154.02921800749363, 82.365041127896, 0.0, 128.39003076563228, 108.29589096544707, 92.02716990106781, 130.92364186807515, 173.64907140552177, 149.00335566691106, 132.03408650799233], [121.24768039018313, 230.7834482799839, 202.23748416156684, 128.39003076563228, 0.0, 236.00847442411893, 124.63145670335399, 60.40695324215582, 216.8363438171747, 232.89911979223967, 179.0111728356641], [136.69308687713507, 140.73023839957068, 48.16637831516918, 108.29589096544707, 236.00847442411893, 0.0, 159.0125781188394, 236.23081932719955, 189.40432941197517, 128.4445405612866, 162.48384535085327], [28.635642126552707, 106.6770828247567, 112.30761327710601, 92.02716990106781, 124.63145670335399, 159.0125781188394, 0.0, 164.46884203398528, 97.06183596038146, 110.16805344563369, 55.80322571321482], [151.42654985173505, 264.51843035977663, 212.9530464679949, 130.92364186807515, 60.40695324215582, 236.23081932719955, 164.46884203398528, 0.0, 261.1991577321795, 263.86549603917524, 220.22715545545242], [116.76043850551436, 56.859475903318, 144.69968901141425, 173.64907140552177, 216.8363438171747, 189.40432941197517, 97.06183596038146, 261.1991577321795, 0.0, 70.0, 42.720018726587654], [113.22985472038724, 13.45362404707371, 91.00549433962765, 149.00335566691106, 232.89911979223967, 128.4445405612866, 110.16805344563369, 263.86549603917524, 70.0, 0.0, 68.00735254367721], [74.04052944165107, 59.682493245507096, 115.0, 132.03408650799233, 179.0111728356641, 162.48384535085327, 55.80322571321482, 220.22715545545242, 42.720018726587654, 68.00735254367721, 0.0]]}, {"N": 11, "radius": 10, "total": 200, "budget_remain": 200, "R": 22500, "r": [18934.983655289343, 16726.971689808008, 456.3485794075758, 16608.35138102363, 13149.13431541552, 10748.99265179098, 21058.49831215656, 8908.853637904565, 2351.9348362563323, 10055.47590978934, 20411.17357544553], "phi": [1.7474560322045196, 0.6637263468682517, 3.6967407138927975, 4.722960146405425, 3.2209982542897855, 1.4419150169711994, 2.4274591309765237, 1.0748875003616363, 5.117338105141093, 2.847376685047818, 3.037520674225256], "x": [-24, 101, -18, 1, -114, 13, -109, 44, 19, -95, -142], "y": [135, 79, -11, -128, -9, 102, 95, 83, -44, 29, 14], "xy": [[-24, 135], [101, 79], [-18, -11], [1, -128], [-114, -9], [13, 102], [-109, 95], [44, 83], [19, -44], [-95, 29], [-142, 14]], "city_start": [-24, 135], "distance": [[0.0, 136.97079980784227, 146.12323566086263, 264.18554086096384, 169.81166037701888, 49.57822102496216, 93.94147114027967, 85.60373823613078, 184.09236811991963, 127.58134659894448, 169.01183390520322], [136.97079980784227, 0.0, 149.20120642943877, 229.88910370002316, 232.31228981696168, 90.95603333479313, 210.6086417980041, 57.14017850864661, 147.82760229402356, 202.27703774773843, 251.54323684011064], [146.12323566086263, 149.20120642943877, 0.0, 118.53269591129698, 96.02083107326243, 117.17508267545622, 139.70325694127536, 112.60550608207397, 49.57822102496216, 86.76981041814025, 126.49505919204908], [264.18554086096384, 229.88910370002316, 118.53269591129698, 0.0, 165.48715962273326, 230.31283073246266, 248.65437860612872, 215.3369452741447, 85.90692637965812, 184.0244548966251, 201.52667317256046], [169.81166037701888, 232.31228981696168, 96.02083107326243, 165.48715962273326, 0.0, 168.67127793433, 104.12012293500234, 182.8332573685652, 137.5281789307195, 42.485291572496, 36.235341863986875], [49.57822102496216, 90.95603333479313, 117.17508267545622, 230.31283073246266, 168.67127793433, 0.0, 122.20065466273084, 36.359317925395686, 146.12323566086263, 130.3572015655445, 178.23860412379804], [93.94147114027967, 210.6086417980041, 139.70325694127536, 248.65437860612872, 104.12012293500234, 122.20065466273084, 0.0, 153.46986674914396, 188.95766721676048, 67.468511173732, 87.46427842267951], [85.60373823613078, 57.14017850864661, 112.60550608207397, 215.3369452741447, 182.8332573685652, 36.359317925395686, 153.46986674914396, 0.0, 129.43724348115578, 149.12075643584967, 198.38598740838526], [184.09236811991963, 147.82760229402356, 49.57822102496216, 85.90692637965812, 137.5281789307195, 146.12323566086263, 188.95766721676048, 129.43724348115578, 0.0, 135.36986370680884, 171.1286066091815], [127.58134659894448, 202.27703774773843, 86.76981041814025, 184.0244548966251, 42.485291572496, 130.3572015655445, 67.468511173732, 149.12075643584967, 135.36986370680884, 0.0, 49.33558553417604], [169.01183390520322, 251.54323684011064, 126.49505919204908, 201.52667317256046, 36.235341863986875, 178.23860412379804, 87.46427842267951, 198.38598740838526, 171.1286066091815, 49.33558553417604, 0.0]]}, {"N": 11, "radius": 10, "total": 350, "budget_remain": 350, "R": 22500, "r": [3977.363842408719, 1064.353853724935, 11428.50492281957, 21675.480061664293, 3912.5236994757865, 1774.670613356025, 8832.254145029978, 10581.902059361031, 21524.116587912315, 13457.883244139584, 1923.4019500109434], "phi": [4.0950598706285275, 3.4314025308810834, 2.7982512041098455, 3.6337737624005437, 0.46463342417730497, 2.933850810336683, 0.6270132026287666, 5.897744145984685, 4.996146022704622, 2.854013542828751, 1.4118881760294715], "x": [-36, -31, -100, -129, 55, -41, 76, 95, 41, -111, 6], "y": [-51, -9, 35, -69, 28, 8, 55, -38, -140, 32, 43], "xy": [[-36, -51], [-31, -9], [-100, 35], [-129, -69], [55, 28], [-41, 8], [76, 55], [95, -38], [41, -140], [-111, 32], [6, 43]], "city_start": [-36, -51], "distance": [[0.0, 42.2965719651132, 107.20074626605917, 94.72592042308166, 120.50726119201282, 59.21148537234985, 154.20765220960988, 131.64345787011217, 117.6860229593982, 111.8659912573969, 102.95630140987001], [42.2965719651132, 0.0, 81.83520025025906, 114.9086593777858, 93.62157870918435, 19.72308292331602, 124.67958934805648, 129.29423807734048, 149.4824404403407, 89.89438247187641, 63.8200595424354], [107.20074626605917, 81.83520025025906, 0.0, 107.96758772891057, 155.15798400340216, 64.88451279003334, 177.13271860387624, 208.21623375712088, 224.73539997072112, 11.40175425099138, 106.30145812734649], [94.72592042308166, 114.9086593777858, 107.96758772891057, 0.0, 208.00240383226344, 116.93160394008115, 239.58505796480713, 226.13491548188662, 184.23083346714796, 102.59142264341595, 175.410946066658], [120.50726119201282, 93.62157870918435, 155.15798400340216, 208.00240383226344, 0.0, 98.0612053770501, 34.20526275297414, 77.17512552629896, 168.58232410309213, 166.04818577750254, 51.24451190127583], [59.21148537234985, 19.72308292331602, 64.88451279003334, 116.93160394008115, 98.0612053770501, 0.0, 126.08727136392476, 143.5687988387449, 169.19810873647495, 74.0, 58.60034129593445], [154.20765220960988, 124.67958934805648, 177.13271860387624, 239.58505796480713, 34.20526275297414, 126.08727136392476, 0.0, 94.92101980067429, 198.11612756158948, 188.40912929048847, 71.02112361825881], [131.64345787011217, 129.29423807734048, 208.21623375712088, 226.13491548188662, 77.17512552629896, 143.5687988387449, 94.92101980067429, 0.0, 115.41230437002807, 217.56838005555863, 120.34118164618461], [117.6860229593982, 149.4824404403407, 224.73539997072112, 184.23083346714796, 168.58232410309213, 169.19810873647495, 198.11612756158948, 115.41230437002807, 0.0, 229.53866776645717, 186.31693428134759], [111.8659912573969, 89.89438247187641, 11.40175425099138, 102.59142264341595, 166.04818577750254, 74.0, 188.40912929048847, 217.56838005555863, 229.53866776645717, 0.0, 117.51595636338071], [102.95630140987001, 63.8200595424354, 106.30145812734649, 175.410946066658, 51.24451190127583, 58.60034129593445, 71.02112361825881, 120.34118164618461, 186.31693428134759, 117.51595636338071, 0.0]]}, {"N": 11, "radius": 10, "total": 200, "budget_remain": 200, "R": 22500, "r": [14031.588378158525, 3834.6341919285924, 1514.7335413198575, 2662.02686899811, 18164.503895955553, 9452.161947528812, 21847.76032994952, 10270.26009663932, 22200.707664671696, 21789.106948436995, 2826.4436578773543], "phi": [2.554834677961215, 5.0235888424247825, 0.26610411233605996, 0.8623605037465362, 1.9191107231689482, 0.12924436995039434, 2.5939049236797453, 3.0547884242267833, 5.1255721661315565, 3.78004613037093, 3.667165273938862], "x": [-98, 18, 37, 33, -46, 96, -126, -100, 59, -118, -45], "y": [65, -58, 10, 39, 126, 12, 76, 8, -136, -87, -26], "xy": [[-98, 65], [18, -58], [37, 10], [33, 39], [-46, 126], [96, 12], [-126, 76], [-100, 8], [59, -136], [-118, -87], [-45, -26]], "city_start": [-98, 65], "distance": [[0.0, 169.07099100673656, 145.7737973711325, 133.55523202031435, 80.15609770940699, 201.10942295178512, 30.083217912982647, 57.0350769263968, 255.04901489713697, 153.3101431738944, 105.30906893520614], [169.07099100673656, 0.0, 70.60453243241541, 98.15294188153506, 194.81273059017474, 104.80458005259122, 196.70282153543198, 135.20355024924456, 88.11923740024082, 139.05754204644924, 70.66116330771806], [145.7737973711325, 70.60453243241541, 0.0, 29.274562336608895, 142.63590010933433, 59.033888572581766, 175.85505395068975, 137.01459776242822, 147.648230602334, 182.84966502567076, 89.55445270895244], [133.55523202031435, 98.15294188153506, 29.274562336608895, 0.0, 117.51595636338071, 68.54195795277518, 163.24827717314508, 136.56500283747664, 176.92088627406318, 196.66468925559565, 101.53324578678651], [80.15609770940699, 194.81273059017474, 142.63590010933433, 117.51595636338071, 0.0, 182.0988742414406, 94.33981132056604, 129.76902558006668, 282.25697511310506, 224.8399430706208, 152.00328943809077], [201.10942295178512, 104.80458005259122, 59.033888572581766, 68.54195795277518, 182.0988742414406, 0.0, 231.0411218809327, 196.04081207748553, 152.55490814785344, 235.79016094824652, 146.03081866510234], [30.083217912982647, 196.70282153543198, 175.85505395068975, 163.24827717314508, 94.33981132056604, 231.0411218809327, 0.0, 72.80109889280519, 281.3698633471609, 163.19620093617377, 130.24976007655445], [57.0350769263968, 135.20355024924456, 137.01459776242822, 136.56500283747664, 129.76902558006668, 196.04081207748553, 72.80109889280519, 0.0, 214.51573368869705, 96.6902270139025, 64.66065264130884], [255.04901489713697, 88.11923740024082, 147.648230602334, 176.92088627406318, 282.25697511310506, 152.55490814785344, 281.3698633471609, 214.51573368869705, 0.0, 183.65728953678914, 151.38031576133008], [153.3101431738944, 139.05754204644924, 182.84966502567076, 196.66468925559565, 224.8399430706208, 235.79016094824652, 163.19620093617377, 96.6902270139025, 183.65728953678914, 0.0, 95.13148795220224], [105.30906893520614, 70.66116330771806, 89.55445270895244, 101.53324578678651, 152.00328943809077, 146.03081866510234, 130.24976007655445, 64.66065264130884, 151.38031576133008, 95.13148795220224, 0.0]]}, {"N": 11, "radius": 10, "total": 500, "budget_remain": 500, "R": 22500, "r": [12822.169438538422, 19241.777250011673, 21180.9257703665, 3068.305262901534, 19288.087621732713, 11375.869362230866, 20486.635673624736, 18087.089198283815, 10264.43555012642, 19016.983927198842, 18684.593354766857], "phi": [6.037357748342373, 4.183728821818108, 1.3835997607313995, 5.895164746382071, 4.580428212946305, 3.6508177628803, 2.1849702745435717, 0.19452050400737583, 2.340900132076563, 1.5970160442266013, 2.869287699319777], "x": [109, -69, 27, 51, -18, -93, -82, 131, -70, -3, -131], "y": [-27, -119, 142, -20, -137, -51, 116, 25, 72, 137, 36], "xy": [[109, -27], [-69, -119], [27, 142], [51, -20], [-18, -137], [-93, -51], [-82, 116], [131, 25], [-70, 72], [-3, 137], [-131, 36]], "city_start": [109, -27], "distance": [[0.0, 200.3696583817021, 187.8430195668713, 58.42088667591412, 168.01488029338353, 203.42074623793906, 238.60008382228202, 56.462376853972415, 204.55317157159897, 198.59506539690256, 248.13101378102658], [200.3696583817021, 0.0, 278.09530740377477, 155.56670594957006, 54.08326913195984, 72.11102550927978, 235.35929979501554, 246.4467488119898, 191.0026177831079, 264.3709515056448, 166.94010902116963], [187.8430195668713, 278.09530740377477, 0.0, 163.76812876747417, 282.6057324259365, 227.26416347501865, 112.05802068571441, 156.54072952429985, 119.6202324023825, 30.4138126514911, 190.26297590440447], [58.42088667591412, 155.56670594957006, 163.76812876747417, 0.0, 135.83077707206124, 147.29901561110313, 190.22355269524328, 91.7877987534291, 152.00328943809077, 166.02710622064097, 190.4205871222962], [168.01488029338353, 54.08326913195984, 282.6057324259365, 135.83077707206124, 0.0, 114.10959644131601, 260.969346858975, 220.10224896624752, 215.37177159507232, 274.4102767754881, 206.63494380186523], [203.42074623793906, 72.11102550927978, 227.26416347501865, 147.29901561110313, 114.10959644131601, 0.0, 167.36188335460378, 236.5417510715603, 125.13193037750197, 208.43224318708465, 94.93682109698007], [238.60008382228202, 235.35929979501554, 112.05802068571441, 190.22355269524328, 260.969346858975, 167.36188335460378, 0.0, 231.62469643800938, 45.60701700396552, 81.74350127074322, 93.81364506296512], [56.462376853972415, 246.4467488119898, 156.54072952429985, 91.7877987534291, 220.10224896624752, 236.5417510715603, 231.62469643800938, 0.0, 206.42189806316577, 174.64249196572982, 262.23081436017395], [204.55317157159897, 191.0026177831079, 119.6202324023825, 152.00328943809077, 215.37177159507232, 125.13193037750197, 45.60701700396552, 206.42189806316577, 0.0, 93.34880824091971, 70.83078426785913], [198.59506539690256, 264.3709515056448, 30.4138126514911, 166.02710622064097, 274.4102767754881, 208.43224318708465, 81.74350127074322, 174.64249196572982, 93.34880824091971, 0.0, 163.04907236779974], [248.13101378102658, 166.94010902116963, 190.26297590440447, 190.4205871222962, 206.63494380186523, 94.93682109698007, 93.81364506296512, 262.23081436017395, 70.83078426785913, 163.04907236779974, 0.0]]}, {"N": 11, "radius": 10, "total": 350, "budget_remain": 350, "R": 22500, "r": [11510.506382837639, 251.19620141034915, 14103.56985285207, 13085.60806194983, 8381.685862420893, 9192.169140422942, 20328.920408358914, 15595.413264053748, 12783.759722265238, 9956.602881302244, 834.8187741545718], "phi": [4.492943401421098, 3.9902536547979426, 6.186410898314116, 4.334126629195997, 5.540888360230341, 0.8711318497205578, 5.797684917581477, 5.34190572761342, 3.592148408034631, 4.804535567358651, 1.9384579520814345], "x": [-23, -10, 118, -42, 67, 61, 126, 73, -101, 9, -10], "y": [-104, -11, -11, -106, -61, 73, -66, -100, -49, -99, 26], "xy": [[-23, -104], [-10, -11], [118, -11], [-42, -106], [67, -61], [61, 73], [126, -66], [73, -100], [-101, -49], [9, -99], [-10, 26]], "city_start": [-23, -104], "distance": [[0.0, 93.90420650854784, 168.90825912311