[[{"N": 11, "radius": 10, "total": 200, "budget_remain": 200, "R": 22500, "r": [12412.803748954228, 6441.270216333516, 20122.46019121465, 8119.2582118140845, 9088.754338063023, 2882.4173773013113, 5906.9546931941695, 3828.1092269426213, 21747.442226702202, 7645.183082319264, 12437.1960969068], "phi": [5.546889051571252, 4.107496096947444, 0.3008632949201266, 2.1113146884669907, 0.049670410976854214, 1.3469978196325465, 3.699062894396306, 4.661665692273158, 2.2124627106338535, 0.486923382507668, 6.0973342576204175], "x": [82, -45, 135, -46, 95, 11, -65, -3, -88, 77, 109], "y": [-74, -66, 42, 77, 4, 52, -40, -61, 118, 40, -20], "xy": [[82, -74], [-45, -66], [135, 42], [-46, 77], [95, 4], [11, 52], [-65, -40], [-3, -61], [-88, 118], [77, 40], [109, -20]], "city_start": [82, -74], "distance": [[0.0, 127.251719045363, 127.534309109353, 197.9520143873257, 79.07591289387686, 144.62710672622887, 150.88074761214565, 85.98837130682264, 256.44492586128507, 114.10959644131601, 60.37383539249432], [127.251719045363, 0.0, 209.91426821443082, 143.0034964607509, 156.52475842498527, 130.61393493804556, 32.802438933713454, 42.2965719651132, 188.95766721676048, 161.6168308066954, 160.72336482291553], [127.534309109353, 209.91426821443082, 0.0, 184.3529224069963, 55.17245689653489, 124.4025723206719, 216.15735009478627, 172.20046457544765, 235.5949914577982, 58.034472514187634, 67.23094525588644], [197.9520143873257, 143.0034964607509, 184.3529224069963, 0.0, 158.7765725792064, 62.24146527838174, 118.53269591129698, 144.5441109142811, 58.69412236331676, 128.4445405612866, 182.84966502567076], [79.07591289387686, 156.52475842498527, 55.17245689653489, 158.7765725792064, 0.0, 96.74709297958259, 165.93974810153233, 117.5967686630887, 215.60380330597138, 40.24922359499622, 27.784887978899608], [144.62710672622887, 130.61393493804556, 124.4025723206719, 62.24146527838174, 96.74709297958259, 0.0, 119.33147112141039, 113.86395390991831, 118.98319209031165, 67.08203932499369, 121.60592090848209], [150.88074761214565, 32.802438933713454, 216.15735009478627, 118.53269591129698, 165.93974810153233, 119.33147112141039, 0.0, 65.45991139621256, 159.66527487215245, 162.9846618550347, 175.1456536714514], [85.98837130682264, 42.2965719651132, 172.20046457544765, 144.5441109142811, 117.5967686630887, 113.86395390991831, 65.45991139621256, 0.0, 198.15650380444242, 128.84486796143648, 119.26860441876563], [256.44492586128507, 188.95766721676048, 235.5949914577982, 58.69412236331676, 215.60380330597138, 118.98319209031165, 159.66527487215245, 198.15650380444242, 0.0, 182.50753409106156, 240.52650581588716], [114.10959644131601, 161.6168308066954, 58.034472514187634, 128.4445405612866, 40.24922359499622, 67.08203932499369, 162.9846618550347, 128.84486796143648, 182.50753409106156, 0.0, 68.0], [60.37383539249432, 160.72336482291553, 67.23094525588644, 182.84966502567076, 27.784887978899608, 121.60592090848209, 175.1456536714514, 119.26860441876563, 240.52650581588716, 68.0, 0.0]]}, {"N": 11, "radius": 10, "total": 350, "budget_remain": 350, "R": 22500, "r": [20783.913395564596, 14744.797297225916, 1232.03693212287, 11185.36965080962, 1561.1888057605804, 4447.604835380262, 11099.290758114294, 9536.585983406478, 1831.8645158708682, 15044.77398345989, 12884.781242878984], "phi": [3.600924601946843, 0.9176422504687989, 0.8427245031103051, 2.4735556812010455, 1.1752000631231936, 4.4563541740828345, 0.10157580338556078, 3.1620649996918146, 0.6864389437013654, 2.624036469941622, 0.713816703302146], "x": [-129, 73, 23, -83, 15, -16, 104, -97, 33, -106, 85], "y": [-63, 96, 26, 65, 36, -64, 10, -1, 27, 60, 74], "xy": [[-129, -63], [73, 96], [23, 26], [-83, 65], [15, 36], [-16, -64], [104, 10], [-97, -1], [33, 27], [-106, 60], [85, 74]], "city_start": [-129, -63], "distance": [[0.0, 257.07002936943076, 176.13914953808538, 136.01470508735443, 174.7483905505284, 113.00442469213318, 244.1679749680535, 69.77105417004964, 185.32134253776601, 125.13193037750197, 254.09643838511394], [257.07002936943076, 0.0, 86.02325267042627, 159.05030650709227, 83.45058418010026, 183.08741081789321, 91.4166286842826, 195.7268504830137, 79.75587752636166, 182.58422713914803, 25.059928172283335], [176.13914953808538, 86.02325267042627, 0.0, 112.94689017409908, 12.806248474865697, 98.08669634563088, 82.56512580987206, 123.0, 10.04987562112089, 133.4053971921676, 78.40918313565064], [136.01470508735443, 159.05030650709227, 112.94689017409908, 0.0, 102.20078277586722, 145.3616180427282, 194.92049661336284, 67.468511173732, 122.06555615733703, 23.53720459187964, 168.24089871371942], [174.7483905505284, 83.45058418010026, 12.806248474865697, 102.20078277586722, 0.0, 104.69479452198185, 92.72000862812729, 117.95338062132852, 20.12461179749811, 123.35720489699821, 79.64923100695951], [113.00442469213318, 183.08741081789321, 98.08669634563088, 145.3616180427282, 104.69479452198185, 0.0, 140.98226838861686, 102.61578825892242, 103.3537614216338, 153.21879780235844, 171.011695506477], [244.1679749680535, 91.4166286842826, 82.56512580987206, 194.92049661336284, 92.72000862812729, 140.98226838861686, 0.0, 201.30076999355964, 73.00684899377592, 215.87033144922904, 66.76076692189807], [69.77105417004964, 195.7268504830137, 123.0, 67.468511173732, 117.95338062132852, 102.61578825892242, 201.30076999355964, 0.0, 132.9812016790343, 61.66036003787198, 196.84765683136794], [185.32134253776601, 79.75587752636166, 10.04987562112089, 122.06555615733703, 20.12461179749811, 103.3537614216338, 73.00684899377592, 132.9812016790343, 0.0, 142.86357128393507, 70.09279563550022], [125.13193037750197, 182.58422713914803, 133.4053971921676, 23.53720459187964, 123.35720489699821, 153.21879780235844, 215.87033144922904, 61.66036003787198, 142.86357128393507, 0.0, 191.51240168720145], [254.09643838511394, 25.059928172283335, 78.40918313565064, 168.24089871371942, 79.64923100695951, 171.011695506477, 66.76076692189807, 196.84765683136794, 70.09279563550022, 191.51240168720145, 0.0]]}], [[0, 10, 4, 2, 9, 5, 3, 8, 6, 1, 7], [0, 7, 9, 3, 4, 2, 8, 10, 1, 6, 5]], ["optimal", "greedy"], [[[102.0, -94.0], [-65.0, -86.0], [155.0, 62.0], [-66.0, 57.0], [75.0, -16.0], [-9.0, 32.0], [-85.0, -20.0], [17.0, -41.0], [-108.0, 138.0], [57.0, 60.0], [129.0, -40.0]], [[-149.0, -83.0], [53.0, 116.0], [3.0, 6.0], [-63.0, 85.0], [-5.0, 56.0], [4.0, -84.0], [124.0, -10.0], [-77.0, -21.0], [53.0, 7.0], [-126.0, 80.0], [105.0, 54.0]]]]