[[{"N": 11, "radius": 10, "total": 200, "budget_remain": 200, "R": 22500, "r": [20192.452501146618, 8466.207865079006, 21548.30401838389, 20200.33459429496, 1067.468402398219, 16008.435529004015, 13678.640043983238, 21375.806535373016, 12324.697975791565, 18780.825068110255, 2555.3870175580005], "phi": [2.8216158369747117, 5.607874520442746, 6.0151701386786485, 2.9858514852470592, 3.866879882229249, 6.088256139221243, 2.8989805242267273, 4.97075401121005, 1.787969545895502, 3.7231616194719965, 5.03098450262566], "x": [-134, 71, 141, -140, -24, 124, -113, 37, -23, -114, 15], "y": [44, -57, -38, 22, -21, -24, 28, -141, 108, -75, -48], "xy": [[-134, 44], [71, -57], [141, -38], [-140, 22], [-24, -21], [124, -24], [-113, 28], [37, -141], [-23, 108], [-114, -75], [15, -48]], "city_start": [-134, 44], "distance": [[0.0, 228.53008554673934, 286.96515467910035, 22.80350850198276, 127.76932339180638, 266.8107943843352, 26.40075756488817, 251.92459189209774, 128.1288414058287, 120.66896867049125, 175.1142484208524], [228.53008554673934, 0.0, 72.53275122315436, 225.30423875284725, 101.59232254457027, 62.433965115151864, 202.68448386593386, 90.62008607367353, 189.89734068701435, 185.87361297397757, 56.71860364994893], [286.96515467910035, 72.53275122315436, 0.0, 287.3343000757132, 165.873445734994, 22.02271554554524, 262.43475379606264, 146.37281168304446, 219.57231155134292, 257.6703320136022, 126.39620247459969], [22.80350850198276, 225.30423875284725, 287.3343000757132, 0.0, 123.71337841963576, 267.9776110050987, 27.65863337187866, 240.6200324162558, 145.2067491544384, 100.42410069301094, 170.07351351694948], [127.76932339180638, 101.59232254457027, 165.873445734994, 123.71337841963576, 0.0, 148.03040228277433, 101.59724405711013, 134.6142637315972, 129.00387591076478, 104.95713410721541, 47.43416490252569], [266.8107943843352, 62.433965115151864, 22.02271554554524, 267.9776110050987, 148.03040228277433, 0.0, 242.6375898330677, 145.8012345626744, 197.56770991232347, 243.402958075698, 111.61093136427094], [26.40075756488817, 202.68448386593386, 262.43475379606264, 27.65863337187866, 101.59724405711013, 242.6375898330677, 0.0, 225.96681172242972, 120.41594578792295, 103.00485425454472, 148.86235252742716], [251.92459189209774, 90.62008607367353, 146.37281168304446, 240.6200324162558, 134.6142637315972, 145.8012345626744, 225.96681172242972, 0.0, 256.12692166189794, 164.7938105633825, 95.56673061269805], [128.1288414058287, 189.89734068701435, 219.57231155134292, 145.2067491544384, 129.00387591076478, 197.56770991232347, 120.41594578792295, 256.12692166189794, 0.0, 204.37710243566914, 160.5615146914104], [120.66896867049125, 185.87361297397757, 257.6703320136022, 100.42410069301094, 104.95713410721541, 243.402958075698, 103.00485425454472, 164.7938105633825, 204.37710243566914, 0.0, 131.79529581893277], [175.1142484208524, 56.71860364994893, 126.39620247459969, 170.07351351694948, 47.43416490252569, 111.61093136427094, 148.86235252742716, 95.56673061269805, 160.5615146914104, 131.79529581893277, 0.0]]}, {"N": 11, "radius": 10, "total": 500, "budget_remain": 500, "R": 22500, "r": [18425.954895224655, 7587.342995878298, 18031.759714826887, 6580.203128674637, 6334.939288764024, 19134.98347929679, 9899.671989702656, 6931.167662653996, 7868.017762224575, 21229.968916444996, 21584.88099009486], "phi": [2.520174640397143, 2.3304618648927935, 4.884781259748126, 0.8212877319365735, 2.9045037846878747, 1.808419198569738, 1.1308745350255949, 2.641919584546866, 5.593338464132258, 0.9650992724648396, 2.900637984763849], "x": [-110, -59, 23, 55, -77, -32, 42, -73, 68, 82, -142], "y": [79, 63, -132, 59, 18, 134, 90, 39, -56, 119, 35], "xy": [[-110, 79], [-59, 63], [23, -132], [55, 59], [-77, 18], [-32, 134], [42, 90], [-73, 39], [68, -56], [82, 119], [-142, 35]], "city_start": [-110, 79], "distance": [[0.0, 53.45091205957107, 249.41932563456265, 166.20770138594662, 69.35416353759881, 95.44108130150245, 152.3975065412817, 54.48853090330111, 223.40322289528413, 196.1224107541002, 54.405882034941776], [53.45091205957107, 0.0, 211.53959440256097, 114.0701538527936, 48.46648326421054, 75.96051605933177, 104.546640309481, 27.784887978899608, 174.04022523543227, 151.71354586852158, 87.5956619930462], [249.41932563456265, 211.53959440256097, 0.0, 193.6620768245554, 180.27756377319946, 271.6265819097976, 222.81157959136684, 196.1045639448506, 88.32326986700618, 257.8410362994999, 234.76371099469355], [166.20770138594662, 114.0701538527936, 193.6620768245554, 0.0, 138.2208377922808, 114.86513831445988, 33.61547262794322, 129.55307792561317, 115.73245007343446, 65.79513659838392, 198.45654436173174], [69.35416353759881, 48.46648326421054, 180.27756377319946, 138.2208377922808, 0.0, 124.42266674525185, 139.08630414242805, 21.37755832643195, 162.7912774076056, 188.36666371733614, 67.1863081289633], [95.44108130150245, 75.96051605933177, 271.6265819097976, 114.86513831445988, 124.42266674525185, 0.0, 86.09297300012354, 103.46980235798269, 214.7091055358389, 114.9826073804208, 147.98986451781082], [152.3975065412817, 104.546640309481, 222.81157959136684, 33.61547262794322, 139.08630414242805, 86.09297300012354, 0.0, 125.80143083447024, 148.29699929533302, 49.4064773081425, 192.04426573058618], [54.48853090330111, 27.784887978899608, 196.1045639448506, 129.55307792561317, 21.37755832643195, 103.46980235798269, 125.80143083447024, 0.0, 170.01764614298128, 174.42763542512407, 69.1158447825099], [223.40322289528413, 174.04022523543227, 88.32326986700618, 115.73245007343446, 162.7912774076056, 214.7091055358389, 148.29699929533302, 170.01764614298128, 0.0, 175.55910685578235, 228.86895813980541], [196.1224107541002, 151.71354586852158, 257.8410362994999, 65.79513659838392, 188.36666371733614, 114.9826073804208, 49.4064773081425, 174.42763542512407, 175.55910685578235, 0.0, 239.23210486889087], [54.405882034941776, 87.5956619930462, 234.76371099469355, 198.45654436173174, 67.1863081289633, 147.98986451781082, 192.04426573058618, 69.1158447825099, 228.86895813980541, 239.23210486889087, 0.0]]}, {"N": 11, "radius": 10, "total": 200, "budget_remain": 200, "R": 22500, "r": [14794.456823576089, 7992.5115225605505, 1807.0510140618899, 5545.0279789556125, 1197.435636392233, 16225.109335981415, 21905.95645242396, 8869.507992839768, 16480.76361509096, 21126.6380960762, 2054.761972881698], "phi": [4.488123292547011, 3.56496985367168, 1.3481505522097896, 0.8001919482964879, 6.230428233144892, 0.8906082807750237, 0.4318918324903369, 3.345314377882013, 2.2479030870638406, 2.43807206847093, 1.6122490596216978], "x": [-27, -81, 9, 51, 34, 80, 134, -92, -80, -110, -1], "y": [-118, -36, 41, 53, -1, 99, 61, -19, 100, 94, 45], "xy": [[-27, -118], [-81, -36], [9, 41], [51, 53], [34, -1], [80, 99], [134, 61], [-92, -19], [-80, 100], [-110, 94], [-1, 45]], "city_start": [-27, -118], "distance": [[0.0, 98.18350166906862, 163.0245380303223, 187.94946129212502, 131.94695904036593, 241.94627502815578, 240.75298544358697, 118.43141475132347, 224.35017272112808, 227.6686188300882, 165.0605949341029], [98.18350166906862, 0.0, 118.44407963254221, 159.20113064925135, 120.20815280171308, 210.10949526377908, 235.8686074915439, 20.248456731316587, 136.0036764208968, 133.19534526401438, 113.84638773364749], [163.0245380303223, 118.44407963254221, 0.0, 43.68065933568311, 48.877397639399746, 91.67878707749138, 126.58988901172162, 117.47765745025733, 106.78014796768171, 130.26895255585654, 10.770329614269007], [187.94946129212502, 159.20113064925135, 43.68065933568311, 0.0, 56.61271941887264, 54.378304497290095, 83.38465086573187, 160.1030917877603, 139.17614738165446, 166.13849644197458, 52.61178575186362], [131.94695904036593, 120.20815280171308, 48.877397639399746, 56.61271941887264, 0.0, 110.07270324653611, 117.66052864066182, 127.27922061357856, 152.3056138164316, 172.51376756653366, 57.8013840664737], [241.94627502815578, 210.10949526377908, 91.67878707749138, 54.378304497290095, 110.07270324653611, 0.0, 66.03029607687671, 208.58571379651102, 160.00312496948303, 190.06577808748213, 97.3498844375277], [240.75298544358697, 235.8686074915439, 126.58988901172162, 83.38465086573187, 117.66052864066182, 66.03029607687671, 0.0, 239.74152748324602, 217.52471123989568, 246.22144504490262, 135.94484175576505], [118.43141475132347, 20.248456731316587, 117.47765745025733, 160.1030917877603, 127.27922061357856, 208.58571379651102, 239.74152748324602, 0.0, 119.60351165413162, 114.42464769445436, 111.25196627475849], [224.35017272112808, 136.0036764208968, 106.78014796768171, 139.17614738165446, 152.3056138164316, 160.00312496948303, 217.52471123989568, 119.60351165413162, 0.0, 30.59411708155671, 96.26006440887103], [227.6686188300882, 133.19534526401438, 130.26895255585654, 166.13849644197458, 172.51376756653366, 190.06577808748213, 246.22144504490262, 114.42464769445436, 30.59411708155671, 0.0, 119.50732195141852], [165.0605949341029, 113.84638773364749, 10.770329614269007, 52.61178575186362, 57.8013840664737, 97.3498844375277, 135.94484175576505, 111.25196627475849, 96.26006440887103, 119.50732195141852, 0.0]]}, {"N": 11, "radius": 10, "total": 350, "budget_remain": 350, "R": 22500, "r": [8986.44930992969, 1121.5492293024677, 18297.247037581434, 18411.75590191221, 14670.127158747202, 15359.274934216359, 12333.513188457186, 19235.179395348627, 1945.8489212867366, 12129.9333003644, 6024.569092938315], "phi": [4.357853899612441, 0.6900562662245353, 2.7657006899666237, 5.573585549184698, 0.8782421067612958, 4.242563240820996, 0.8904232047214025, 2.8734388637470585, 4.184573535948276, 2.3033999569242414, 0.8762354334196855], "x": [-32, 25, -125, 102, 77, -56, 69, -133, -22, -73, 49], "y": [-88, 21, 49, -88, 93, -110, 86, 36, -38, 81, 59], "xy": [[-32, -88], [25, 21], [-125, 49], [102, -88], [77, 93], [-56, -110], [69, 86], [-133, 36], [-22, -38], [-73, 81], [49, 59]], "city_start": [-32, -88], "distance": [[0.0, 123.00406497347964, 165.58381563425817, 134.0, 211.28653530218153, 32.55764119219941, 201.1889659002203, 159.928108848945, 50.99019513592785, 173.90227140552247, 167.83920876839238], [123.00406497347964, 0.0, 152.5909564816998, 133.4541119636259, 88.81441324469807, 154.0194792875239, 78.49203781276162, 158.71042813879623, 75.43208866258443, 114.9086593777858, 44.94441010848846], [165.58381563425817, 152.5909564816998, 0.0, 265.1377000729998, 206.73654732533385, 173.32628190785147, 197.4968354176846, 15.264337522473747, 134.82581355215328, 61.05735008989499, 174.28711943227475], [134.0, 133.4541119636259, 265.1377000729998, 0.0, 182.7183625145541, 159.52429282087414, 177.1016657177453, 265.7084868798887, 133.70115930686615, 243.28172968803062, 156.26259949200897], [211.28653530218153, 88.81441324469807, 206.73654732533385, 182.7183625145541, 0.0, 242.68910152703603, 10.63014581273465, 217.59825366946308, 164.20109622045769, 150.47923444781344, 44.04543109109048], [32.55764119219941, 154.0194792875239, 173.32628190785147, 159.52429282087414, 242.68910152703603, 0.0, 232.46720198772127, 165.0605949341029, 79.62411694957753, 191.75505208468434, 198.96230798822174], [201.1889659002203, 78.49203781276162, 197.4968354176846, 177.1016657177453, 10.63014581273465, 232.46720198772127, 0.0, 208.09613163151303, 153.8083222715858, 142.08800090085018, 33.60059523282288], [159.928108848945, 158.71042813879623, 15.264337522473747, 265.7084868798887, 217.59825366946308, 165.0605949341029, 208.09613163151303, 0.0, 133.4053971921676, 75.0, 183.44754018519845], [50.99019513592785, 75.43208866258443, 134.82581355215328, 133.70115930686615, 164.20109622045769, 79.62411694957753, 153.8083222715858, 133.4053971921676, 0.0, 129.46814279968643, 120.20815280171308], [173.90227140552247, 114.9086593777858, 61.05735008989499, 243.28172968803062, 150.47923444781344, 191.75505208468434, 142.08800090085018, 75.0, 129.46814279968643, 0.0, 123.96773773849388], [167.83920876839238, 44.94441010848846, 174.28711943227475, 156.26259949200897, 44.04543109109048, 198.96230798822174, 33.60059523282288, 183.44754018519845, 120.20815280171308, 123.96773773849388, 0.0]]}, {"N": 11, "radius": 10, "total": 350, "budget_remain": 350, "R": 22500, "r": [9279.535570905002, 11980.688410672286, 3768.8497898048613, 15127.762211787523, 6950.921633600711, 17.652022940488344, 5021.2361635612615, 17287.775891037407, 5974.7569810981, 9185.571862982017, 11958.415918439234], "phi": [0.17591207470170042, 3.3262182762102905, 4.590399214426858, 0.9892666983573939, 5.378746738125668, 2.574450645003248, 5.697548994079014, 2.823215569788805, 5.2612703452217495, 4.009667165018673, 3.7792258132385883], "x": [94, -107, -7, 67, 51, -3, 59, -124, 40, -61, -87], "y": [16, -20, -60, 102, -65, 2, -39, 41, -65, -73, -65], "xy": [[94, 16], [-107, -20], [-7, -60], [67, 102], [51, -65], [-3, 2], [59, -39], [-124, 41], [40, -65], [-61, -73], [-87, -65]], "city_start": [94, 16], "distance": [[0.0, 204.1984329028996, 126.40015822774906, 90.13878188659973, 91.706052144883, 98.00510190801293, 65.19202405202648, 219.4288039433292, 97.3498844375277, 178.73443988218946, 198.29775591266787], [204.1984329028996, 0.0, 107.70329614269008, 212.5088233462319, 164.28329190760695, 106.30145812734649, 167.08381130438698, 63.324560795950255, 153.73353570382747, 70.178344238091, 49.24428900898052], [126.40015822774906, 107.70329614269008, 0.0, 178.10109488714548, 58.215118311311535, 62.12889826803627, 69.26037828369117, 154.5639026422405, 47.265209192385896, 55.54277630799526, 80.15609770940699], [90.13878188659973, 212.5088233462319, 178.10109488714548, 0.0, 167.7647161950331, 122.06555615733703, 141.2267680009707, 200.50436404228213, 169.1685549976709, 216.8155898453799, 227.16733920174352], [91.706052144883, 164.28329190760695, 58.215118311311535, 167.7647161950331, 0.0, 86.05230967266364, 27.202941017470888, 204.59960899278374, 11.0, 112.28535078094559, 138.0], [98.00510190801293, 106.30145812734649, 62.12889826803627, 122.06555615733703, 86.05230967266364, 0.0, 74.33034373659252, 127.12985487288185, 79.61155694998057, 94.81033698917012, 107.44766167767449], [65.19202405202648, 167.08381130438698, 69.26037828369117, 141.2267680009707, 27.202941017470888, 74.33034373659252, 0.0, 199.7223072167954, 32.202484376209235, 124.72369462135092, 148.29699929533302], [219.4288039433292, 63.324560795950255, 154.5639026422405, 200.50436404228213, 204.59960899278374, 127.12985487288185, 199.7223072167954, 0.0, 195.27416623813812, 130.24976007655445, 112.27199116431488], [97.3498844375277, 153.73353570382747, 47.265209192385896, 169.1685549976709, 11.0, 79.61155694998057, 32.202484376209235, 195.27416623813812, 0.0, 101.31633629380802, 127.0], [178.73443988218946, 70.178344238091, 55.54277630799526, 216.8155898453799, 112.28535078094559, 94.81033698917012, 124.72369462135092, 130.24976007655445, 101.31633629380802, 0.0, 27.202941017470888], [198.29775591266787, 49.24428900898052, 80.15609770940699, 227.16733920174352, 138.0, 107.44766167767449, 148.29699929533302, 112.27199116431488, 127.0, 27.202941017470888, 0.0]]}, {"N": 11, "radius": 10, "total": 500, "budget_remain": 500, "R": 22500, "r": [8126.93094730869, 1632.4312202778083, 16368.373149602096, 13619.456387490342, 19621.17107738828, 107.84220907432501, 21416.06684477378, 9939.476768340499, 14570.95501588627, 2420.5538744901464, 2045.0044091619984], "phi": [4.899572292503337, 4.48544647650536, 5.395050121113837, 5.292122053530251, 3.280672486240735, 3.796138774582957, 0.7719142415498977, 3.7893528903914233, 3.021733582876167, 2.686268837240205, 1.3402103577851767], "x": [16, -9, 80, 63, -138, -8, 104, -79, -119, -44, 10], "y": [-88, -39, -99, -97, -19, -6, 102, -60, 14, 21, 44], "xy": [[16, -88], [-9, -39], [80, -99], [63, -97], [-138, -19], [-8, -6], [104, 102], [-79, -60], [-119, 14], [-44, 21], [10, 44]], "city_start": [16, -88], "distance": [[0.0, 55.00909015790027, 64.93843238021688, 47.853944456021594, 168.75129629131743, 85.44003745317531, 209.3895890439637, 99.04039579888602, 169.2010638264429, 124.42266674525185, 132.13629327327143], [55.00909015790027, 0.0, 107.33592129385204, 92.45539465060976, 130.54118124178285, 33.015148038438355, 180.6931099959265, 73.08214556237385, 122.10241602851272, 69.46221994724903, 85.14693182963201], [64.93843238021688, 107.33592129385204, 0.0, 17.11724276862369, 232.2154172315008, 128.03515142334936, 202.42776489404807, 163.71316379570703, 228.84492565927695, 172.55723688098394, 159.21369287847074], [47.853944456021594, 92.45539465060976, 17.11724276862369, 0.0, 215.60380330597138, 115.42096863222038, 203.17972339778396, 146.74126890551273, 213.17832910500073, 159.28904544883179, 150.63200191194434], [168.75129629131743, 130.54118124178285, 232.2154172315008, 215.60380330597138, 0.0, 130.64838307457157, 270.5642252774746, 71.84705978674423, 38.07886552931954, 102.15674231297707, 160.85086260259843], [85.44003745317531, 33.015148038438355, 128.03515142334936, 115.42096863222038, 130.64838307457157, 0.0, 155.58920271021378, 89.20201791439474, 112.78741064498288, 45.0, 53.14132102234569], [209.3895890439637, 180.6931099959265, 202.42776489404807, 203.17972339778396, 270.5642252774746, 155.58920271021378, 0.0, 244.40335513245313, 239.7352706632881, 168.71573726241425, 110.45361017187261], [99.04039579888602, 73.08214556237385, 163.71316379570703, 146.74126890551273, 71.84705978674423, 89.20201791439474, 244.40335513245313, 0.0, 84.11896337925236, 88.23831367382311, 136.88316185711082], [169.2010638264429, 122.10241602851272, 228.84492565927695, 213.17832910500073, 38.07886552931954, 112.78741064498288, 239.7352706632881, 84.11896337925236, 0.0, 75.32595834106593, 132.4424403278647], [124.42266674525185, 69.46221994724903, 172.55723688098394, 159.28904544883179, 102.15674231297707, 45.0, 168.71573726241425, 88.23831367382311, 75.32595834106593, 0.0, 58.69412236331676], [132.13629327327143, 85.14693182963201, 159.21369287847074, 150.63200191194434, 160.85086260259843, 53.14132102234569, 110.45361017187261, 136.88316185711082, 132.4424403278647, 58.69412236331676, 0.0]]}], [[0, 3, 6, 9, 7, 2, 5, 1, 10, 4, 8], [0, 1, 7, 4, 10, 5, 6, 3, 9, 8, 2], [0, 1, 7, 9, 8, 10, 2, 4, 3, 5, 6], [0, 5, 8, 7, 2, 9, 4, 6, 10, 1, 3], [0, 6, 4, 8, 2, 9, 10, 1, 7, 5, 3], [0, 3, 2, 1, 5, 9, 10, 6, 8, 4, 7]], [3, 7, 2, 5, 8, 7], ["optimal", "greedy", "optimal", "optimal", "greedy", "greedy"], [[[-154.0, 64.0], [91.0, -77.0], [161.0, -58.0], [-160.0, 2.0], [-44.0, -1.0], [104.0, -4.0], [-93.0, 8.0], [17.0, -161.0], [-3.0, 128.0], [-134.0, -95.0], [-5.0, -68.0]], [[-130.0, 99.0], [-39.0, 83.0], [3.0, -152.0], [75.0, 39.0], [-97.0, -2.0], [-52.0, 154.0], [22.0, 110.0], [-53.0, 19.0], [88.0, -36.0], [102.0, 139.0], [-162.0, 15.0]], [[-7.0, -138.0], [-61.0, -56.0], [-11.0, 21.0], [71.0, 33.0], [54.0, -21.0], [100.0, 119.0], [154.0, 41.0], [-112.0, 1.0], [-60.0, 120.0], [-130.0, 74.0], [-21.0, 65.0]], [[-12.0, -108.0], [45.0, 1.0], [-145.0, 69.0], [122.0, -108.0], [97.0, 113.0], [-76.0, -130.0], [49.0, 106.0], [-153.0, 16.0], [-42.0, -18.0], [-53.0, 101.0], [69.0, 39.0]], [[114.0, 36.0], [-87.0, 0.0], [-27.0, -40.0], [47.0, 122.0], [71.0, -85.0], [-23.0, 22.0], [79.0, -19.0], [-144.0, 61.0], [20.0, -85.0], [-41.0, -93.0], [-107.0, -85.0]], [[-4.0, -108.0], [-29.0, -59.0], [100.0, -119.0], [43.0, -117.0], [-158.0, -39.0], [12.0, 10.678251926022316], [124.0, 122.0], [-99.0, -80.0], [-99.0, 34.0], [-64.0, 41.0], [30.0, 64.0]]]]