[[{"N": 11, "radius": 5, "total": 350, "budget_remain": 350, "R": 22500, "r": [2418.510971030898, 16111.348135388098, 6625.928162729441, 15620.397692306695, 11448.903409354225, 15873.967387666946, 2585.5476480700213, 2849.0989137430083, 3092.01171928522, 1578.9905969402819, 250.1396483096352], "phi": [5.385434341835067, 0.8385489168188975, 1.8058050231681677, 2.2800530048447265, 5.646365489238238, 1.2612785173789112, 1.2775347101461827, 0.9957372186831288, 4.677636298775533, 3.0128976196612878, 1.9910173977102876], "x": [30, 84, -18, -81, 86, 38, 14, 29, -1, -39, -6], "y": [-38, 94, 79, 94, -63, 120, 48, 44, -55, 5, 14], "xy": [[30, -38], [84, 94], [-18, 79], [-81, 94], [86, -63], [38, 120], [14, 48], [29, 44], [-1, -55], [-39, 5], [-6, 14]], "city_start": [30, -38], "distance": [[0.0, 142.61837188805654, 126.46343345014795, 172.46738822165773, 61.326992425847855, 158.2024020045208, 87.47571091451616, 82.00609733428362, 35.35533905932738, 81.30190649671138, 63.245553203367585], [142.61837188805654, 0.0, 103.0970416646375, 165.0, 157.01273833673497, 52.839379254491625, 83.7615663654877, 74.33034373659252, 171.54008277950666, 151.82226450688975, 120.41594578792295], [126.46343345014795, 103.0970416646375, 0.0, 64.76109943476871, 176.0113632695344, 69.40461079784254, 44.553338819890925, 58.60034129593445, 135.07405376311175, 76.92203845452875, 66.09841147864296], [172.46738822165773, 165.0, 64.76109943476871, 0.0, 229.21169254643183, 121.80722474467596, 105.55093557141026, 120.83045973594572, 169.11830178901394, 98.41239759298622, 109.65856099730654], [61.326992425847855, 157.01273833673497, 176.0113632695344, 229.21169254643183, 0.0, 189.19038030513073, 132.30646242719968, 121.23530838827442, 87.36704184073076, 142.29898102235308, 119.97082978791136], [158.2024020045208, 52.839379254491625, 69.40461079784254, 121.80722474467596, 189.19038030513073, 0.0, 75.8946638440411, 76.53103945458993, 179.2930561957155, 138.3979768638256, 114.76933388322858], [87.47571091451616, 83.7615663654877, 44.553338819890925, 105.55093557141026, 132.30646242719968, 75.8946638440411, 0.0, 15.524174696260024, 104.08650248711405, 68.24954212300622, 39.44616584663204], [82.00609733428362, 74.33034373659252, 58.60034129593445, 120.83045973594572, 121.23530838827442, 76.53103945458993, 15.524174696260024, 0.0, 103.4456378974, 78.39005038906404, 46.09772228646444], [35.35533905932738, 171.54008277950666, 135.07405376311175, 169.11830178901394, 87.36704184073076, 179.2930561957155, 104.08650248711405, 103.4456378974, 0.0, 71.02112361825881, 69.18092222571191], [81.30190649671138, 151.82226450688975, 76.92203845452875, 98.41239759298622, 142.29898102235308, 138.3979768638256, 68.24954212300622, 78.39005038906404, 71.02112361825881, 0.0, 34.20526275297414], [63.245553203367585, 120.41594578792295, 66.09841147864296, 109.65856099730654, 119.97082978791136, 114.76933388322858, 39.44616584663204, 46.09772228646444, 69.18092222571191, 34.20526275297414, 0.0]]}, {"N": 11, "radius": 5, "total": 350, "budget_remain": 350, "R": 22500, "r": [12158.806949684302, 9313.646835419147, 11341.354408227964, 18082.724570858347, 7368.97247604354, 8945.728637879973, 14305.960818389432, 18215.665623912442, 10755.009951530486, 10453.385247622737, 100.148073385114], "phi": [0.8113481197618333, 6.063020995039352, 1.1619763562284815, 2.86674479467898, 2.2429537004631563, 4.813099083356793, 4.410696063266386, 4.315152494552819, 0.23154182059715173, 3.5937572400758153, 3.0951715477368564], "x": [75, 94, 42, -129, -53, 9, -35, -52, 100, -91, -9], "y": [79, -21, 97, 36, 67, -94, -114, -124, 23, -44, 0], "xy": [[75, 79], [94, -21], [42, 97], [-129, 36], [-53, 67], [9, -94], [-35, -114], [-52, -124], [100, 23], [-91, -44], [-9, 0]], "city_start": [75, 79], "distance": [[0.0, 101.78899744078434, 37.589892258425, 208.48261318392957, 128.56126943990557, 185.16209115258988, 222.1463481581455, 239.45354455509738, 61.326992425847855, 206.60348496576722, 115.31261856362468], [101.78899744078434, 0.0, 128.94960255851896, 230.16950275829333, 171.32717239247253, 112.0446339634344, 159.02829936838285, 178.67568385205638, 44.40720662234904, 186.4242473499625, 105.11898020814318], [37.589892258425, 128.94960255851896, 0.0, 181.5543995611233, 99.62429422585637, 193.82982226685345, 224.61077445216202, 240.160363090998, 94.02127418834527, 193.82982226685345, 109.59014554237986], [208.48261318392957, 230.16950275829333, 181.5543995611233, 0.0, 82.0792300158816, 189.58902921846507, 177.0197729068705, 177.56407294269863, 229.36869882353173, 88.56635930193812, 125.2836781069266], [128.56126943990557, 171.32717239247253, 99.62429422585637, 82.0792300158816, 0.0, 172.52536045462998, 181.89282558693733, 191.0026177831079, 159.20113064925135, 117.32433677630571, 80.15609770940699], [185.16209115258988, 112.0446339634344, 193.82982226685345, 189.58902921846507, 172.52536045462998, 0.0, 48.33218389437829, 67.97793759742936, 148.22280526288793, 111.80339887498948, 95.70788891204319], [222.1463481581455, 159.02829936838285, 224.61077445216202, 177.0197729068705, 181.89282558693733, 48.33218389437829, 0.0, 19.72308292331602, 192.33824372703418, 89.64373932405988, 116.92732785794773], [239.45354455509738, 178.67568385205638, 240.160363090998, 177.56407294269863, 191.0026177831079, 67.97793759742936, 19.72308292331602, 0.0, 211.45448682872635, 89.0, 131.24404748406687], [61.326992425847855, 44.40720662234904, 94.02127418834527, 229.36869882353173, 159.20113064925135, 148.22280526288793, 192.33824372703418, 211.45448682872635, 0.0, 202.41047403728888, 111.40017953306898], [206.60348496576722, 186.4242473499625, 193.82982226685345, 88.56635930193812, 117.32433677630571, 111.80339887498948, 89.64373932405988, 89.0, 202.41047403728888, 0.0, 93.05912099305473], [115.31261856362468, 105.11898020814318, 109.59014554237986, 125.2836781069266, 80.15609770940699, 95.70788891204319, 116.92732785794773, 131.24404748406687, 111.40017953306898, 93.05912099305473, 0.0]]}, {"N": 11, "radius": 5, "total": 500, "budget_remain": 500, "R": 22500, "r": [11338.308523498252, 7284.1404983257635, 20495.82880825124, 17510.16825419238, 4940.606193874928, 8555.814697116057, 19363.23288819247, 6208.685945075707, 4610.791029124073, 4832.998326508569, 6046.146386309952], "phi": [3.2464665621687163, 2.754208835874092, 1.8489774167619248, 1.4167614438311642, 6.213413731722714, 4.238121132244309, 4.898535435526155, 0.4151788714794003, 4.120983065507441, 6.055875659910287, 1.7610762767289545], "x": [-105, -79, -39, 20, 70, -42, 25, 72, -37, 67, -14], "y": [-11, 32, 137, 130, -4, -82, -136, 31, -56, -15, 76], "xy": [[-105, -11], [-79, 32], [-39, 137], [20, 130], [70, -4], [-42, -82], [25, -136], [72, 31], [-37, -56], [67, -15], [-14, 76]], "city_start": [-105, -11], "distance": [[0.0, 50.24937810560445, 162.04937519163718, 188.43035848822237, 175.13994404475525, 94.92101980067429, 180.34688796871433, 181.91481522954638, 81.54140052758476, 172.04650534085255, 125.89678312014172], [50.24937810560445, 0.0, 112.36102527122117, 139.30183056945089, 153.28731193415845, 119.85407794480753, 197.5854245636555, 151.00331122197287, 97.50897394599124, 153.37861650177967, 78.49203781276162], [162.04937519163718, 112.36102527122117, 0.0, 59.413803110051795, 178.21896644296868, 219.02054698132775, 280.40149785619906, 153.48289807011074, 193.01036241611484, 185.31055015837603, 65.92419889539804], [188.43035848822237, 139.30183056945089, 59.413803110051795, 0.0, 143.024473430249, 220.8800579500105, 266.04698833100895, 111.8257573191436, 194.5379140424817, 152.42703172337903, 63.812224534175265], [175.13994404475525, 153.28731193415845, 178.21896644296868, 143.024473430249, 0.0, 136.48443134658254, 139.4596715900335, 35.05709628591621, 118.9663818059539, 11.40175425099138, 116.0], [94.92101980067429, 119.85407794480753, 219.02054698132775, 220.8800579500105, 136.48443134658254, 0.0, 86.05230967266364, 160.51479682571323, 26.476404589747453, 127.94530081249565, 160.46183346827368], [180.34688796871433, 197.5854245636555, 280.40149785619906, 266.04698833100895, 139.4596715900335, 86.05230967266364, 0.0, 173.4877517290486, 101.21264743103995, 128.08200498118384, 215.55741694499866], [181.91481522954638, 151.00331122197287, 153.48289807011074, 111.8257573191436, 35.05709628591621, 160.51479682571323, 173.4877517290486, 0.0, 139.46325680981354, 46.2709412050371, 97.06183596038146], [81.54140052758476, 97.50897394599124, 193.01036241611484, 194.5379140424817, 118.9663818059539, 26.476404589747453, 101.21264743103995, 139.46325680981354, 0.0, 111.7899816620434, 133.98880550254935], [172.04650534085255, 153.37861650177967, 185.31055015837603, 152.42703172337903, 11.40175425099138, 127.94530081249565, 128.08200498118384, 46.2709412050371, 111.7899816620434, 0.0, 121.82774724995944], [125.89678312014172, 78.49203781276162, 65.92419889539804, 63.812224534175265, 116.0, 160.46183346827368, 215.55741694499866, 97.06183596038146, 133.98880550254935, 121.82774724995944, 0.0]]}, {"N": 11, "radius": 5, "total": 500, "budget_remain": 500, "R": 22500, "r": [9742.348555532704, 15387.474618508697, 503.6736862355126, 5820.765568476517, 18353.04760908406, 12268.781260732374, 2009.91777205866, 12434.047124374412, 8925.713258680918, 13689.451020565366, 9080.92833561123], "phi": [1.5508471563742474, 1.399128261789577, 2.1397278909187065, 0.8465866256002758, 3.0909637060300263, 3.9606116767821717, 4.019526932596393, 4.557940702583983, 4.1476467174414395, 2.356446585835736, 3.0041849091132153], "x": [1, 21, -12, 50, -135, -75, -28, -17, -50, -82, -94], "y": [98, 122, 18, 57, 6, -80, -34, -110, -79, 82, 13], "xy": [[1, 98], [21, 122], [-12, 18], [50, 57], [-135, 6], [-75, -80], [-28, -34], [-17, -110], [-50, -79], [-82, 82], [-94, 13]], "city_start": [1, 98], "distance": [[0.0, 31.240998703626616, 81.04936767180853, 63.89053137985315, 164.19500601419034, 193.54586019855861, 135.14806694880988, 208.7773934122179, 184.20097719610501, 84.52810183601665, 127.47548783981962], [31.240998703626616, 0.0, 109.11003620199197, 71.17583859709698, 194.40164608356588, 223.6515146382872, 163.5145253486674, 235.0914715594762, 213.17129262637593, 110.4943437466371, 158.44872987815333], [81.04936767180853, 109.11003620199197, 0.0, 73.24616030891995, 123.58397954427588, 116.50321883965266, 54.405882034941776, 128.09761902549164, 104.17773274553444, 94.847245611035, 82.15229759416349], [63.89053137985315, 71.17583859709698, 73.24616030891995, 0.0, 191.90101615155663, 185.4561942885705, 119.85407794480753, 179.9388785115657, 168.80758276807353, 134.34656675925888, 150.57224179774968], [164.19500601419034, 194.40164608356588, 123.58397954427588, 191.90101615155663, 0.0, 104.86181383134664, 114.23221962301179, 165.46903033498444, 120.20815280171308, 92.65527507918802, 41.593268686170845], [193.54586019855861, 223.6515146382872, 116.50321883965266, 185.4561942885705, 104.86181383134664, 0.0, 65.76473218982953, 65.29931086925804, 25.019992006393608, 162.15116404145854, 94.92101980067429], [135.14806694880988, 163.5145253486674, 54.405882034941776, 119.85407794480753, 114.23221962301179, 65.76473218982953, 0.0, 76.79192665899195, 50.08991914547278, 127.9531164137865, 81.02468759581859], [208.7773934122179, 235.0914715594762, 128.09761902549164, 179.9388785115657, 165.46903033498444, 65.29931086925804, 76.79192665899195, 0.0, 45.27692569068709, 202.70421801235415, 145.11374848717816], [184.20097719610501, 213.17129262637593, 104.17773274553444, 168.80758276807353, 120.20815280171308, 25.019992006393608, 50.08991914547278, 45.27692569068709, 0.0, 164.14932226482082, 101.9803902718557], [84.52810183601665, 110.4943437466371, 94.847245611035, 134.34656675925888, 92.65527507918802, 162.15116404145854, 127.9531164137865, 202.70421801235415, 164.14932226482082, 0.0, 70.03570517957252], [127.47548783981962, 158.44872987815333, 82.15229759416349, 150.57224179774968, 41.593268686170845, 94.92101980067429, 81.02468759581859, 145.11374848717816, 101.9803902718557, 70.03570517957252, 0.0]]}, {"N": 11, "radius": 5, "total": 200, "budget_remain": 200, "R": 22500, "r": [12856.639448555341, 4788.7816175704365, 18261.98091569681, 13245.21089135341, 12973.021860589439, 1277.4372663363995, 6417.818142217297, 16232.457882145469, 4506.957699106242, 21565.127889570413, 18906.930417504893], "phi": [5.389768268841125, 1.9790284245502414, 5.529159486725404, 2.3120606652143167, 3.62217765721278, 6.241473283434151, 4.667145924946443, 0.20427353542562326, 4.864100662286332, 1.9584712382437304, 5.689590888586309], "x": [71, -27, 98, -77, -100, 35, -3, 124, 10, -55, 113], "y": [-88, 63, -92, 84, -52, -1, -80, 25, -66, 135, -76], "xy": [[71, -88], [-27, 63], [98, -92], [-77, 84], [-100, -52], [35, -1], [-3, -80], [124, 25], [10, -66], [-55, 135], [113, -76]], "city_start": [71, -88], "distance": [[0.0, 180.01388835309348, 27.294688127912362, 226.90967365892536, 174.7483905505284, 94.15412895885129, 74.43117626371358, 124.8118584109699, 64.8459713474939, 256.1347301714471, 43.68065933568311], [180.01388835309348, 0.0, 199.12307751739877, 54.230987451824994, 136.2130683891968, 89.10667763978185, 145.0, 155.7080601638849, 134.2013412749664, 77.25283166331187, 197.28405916343064], [27.294688127912362, 199.12307751739877, 0.0, 248.1954874690513, 202.0, 110.67971810589327, 101.71037311896953, 119.85407794480753, 91.76055797563569, 273.7480593538519, 21.93171219946131], [226.90967365892536, 54.230987451824994, 248.1954874690513, 0.0, 137.93114224133723, 140.60227594174995, 179.9222054111165, 209.4803093371785, 173.4041521994211, 55.54277630799526, 248.39484696748443], [174.7483905505284, 136.2130683891968, 202.0, 137.93114224133723, 0.0, 144.31216164966833, 100.96038827183659, 236.86494041964082, 110.8873302050329, 192.33824372703418, 214.34784813475503], [94.15412895885129, 89.10667763978185, 110.67971810589327, 140.60227594174995, 144.31216164966833, 0.0, 87.66413177577246, 92.72000862812729, 69.6419413859206, 163.0828010551695, 108.2081327812286], [74.43117626371358, 145.0, 101.71037311896953, 179.9222054111165, 100.96038827183659, 87.66413177577246, 0.0, 164.78470802838473, 19.1049731745428, 221.19900542271884, 116.06894502837527], [124.8118584109699, 155.7080601638849, 119.85407794480753, 209.4803093371785, 236.86494041964082, 92.72000862812729, 164.78470802838473, 0.0, 145.86637720873168, 210.09759636892565, 101.59724405711013], [64.8459713474939, 134.2013412749664, 91.76055797563569, 173.4041521994211, 110.8873302050329, 69.6419413859206, 19.1049731745428, 145.86637720873168, 0.0, 211.24866863485792, 103.4842983258813], [256.1347301714471, 77.25283166331187, 273.7480593538519, 55.54277630799526, 192.33824372703418, 163.0828010551695, 221.19900542271884, 210.09759636892565, 211.24866863485792, 0.0, 269.71281022598833], [43.68065933568311, 197.28405916343064, 21.93171219946131, 248.39484696748443, 214.34784813475503, 108.2081327812286, 116.06894502837527, 101.59724405711013, 103.4842983258813, 269.71281022598833, 0.0]]}, {"N": 11, "radius": 5, "total": 500, "budget_remain": 500, "R": 22500, "r": [8862.68498103944, 15208.276124788797, 11272.675358765671, 2632.9755797934736, 14617.52373778605, 20834.121712484077, 6524.871181743104, 18143.132741833033, 17874.332544759807, 12771.201393566424, 694.0387138923221], "phi": [1.8189140331869385, 6.105187165558533, 5.669108605486351, 3.8675316938860362, 1.2541345276249258, 5.89087766979259, 1.6341344914900358, 1.4741185978216576, 0.5078623395424291, 6.023956805633654, 2.3874903805705032], "x": [-23, 121, 86, -38, 37, 133, -5, 13, 116, 109, -19], "y": [91, -21, -61, -34, 114, -55, 80, 134, 65, -28, 18], "xy": [[-23, 91], [121, -21], [86, -61], [-38, -34], [37, 114], [133, -55], [-5, 80], [13, 134], [116, 65], [109, -28], [-19, 18]], "city_start": [-23, 91], "distance": [[0.0, 182.42806801586207, 187.04277585621958, 125.89678312014172, 64.25729530566937, 213.66328650472454, 21.095023109728988, 56.08029957123981, 141.41074923781431, 177.72169254201918, 73.10950690573696], [182.42806801586207, 0.0, 53.150729063673246, 159.53056133543816, 159.0, 36.05551275463989, 161.48374531202822, 188.91532494744834, 86.14522621712709, 13.892443989449804, 145.33065746772084], [187.04277585621958, 53.150729063673246, 0.0, 126.90547663517127, 181.7305698004604, 47.38143096192854, 167.8153747426022, 208.21623375712088, 129.52219886953742, 40.22437072223753, 131.40015220691336], [125.89678312014172, 159.53056133543816, 126.90547663517127, 0.0, 165.91865476793137, 172.28464818433474, 118.68024266911489, 175.57049866079439, 183.07648674802562, 147.12239802287073, 55.362442142665635], [64.25729530566937, 159.0, 181.7305698004604, 165.91865476793137, 0.0, 194.36306233438492, 54.037024344425184, 31.240998703626616, 92.9623579735368, 159.21055241409096, 111.13955191559843], [213.66328650472454, 36.05551275463989, 47.38143096192854, 172.28464818433474, 194.36306233438492, 0.0, 193.05180651835403, 223.87719848166762, 121.19818480488888, 36.124783736376884, 168.62087652482418], [21.095023109728988, 161.48374531202822, 167.8153747426022, 118.68024266911489, 54.037024344425184, 193.05180651835403, 0.0, 56.92099788303083, 121.92620719107111, 157.0350279396288, 63.56099432828282], [56.08029957123981, 188.91532494744834, 208.21623375712088, 175.57049866079439, 31.240998703626616, 223.87719848166762, 56.92099788303083, 0.0, 123.97580409095961, 188.30825791770258, 120.33287165193059], [141.41074923781431, 86.14522621712709, 129.52219886953742, 183.07648674802562, 92.9623579735368, 121.19818480488888, 121.92620719107111, 123.97580409095961, 0.0, 93.26306878931231, 142.9475428260311], [177.72169254201918, 13.892443989449804, 40.22437072223753, 147.12239802287073, 159.21055241409096, 36.124783736376884, 157.0350279396288, 188.30825791770258, 93.26306878931231, 0.0, 136.01470508735443], [73.10950690573696, 145.33065746772084, 131.40015220691336, 55.362442142665635, 111.13955191559843, 168.62087652482418, 63.56099432828282, 120.33287165193059, 142.9475428260311, 136.01470508735443, 0.0]]}, {"N": 11, "radius": 5, "total": 200, "budget_remain": 200, "R": 22500, "r": [11574.034518196275, 11359.804782104477, 11842.886481115875, 342.7288156790073, 18480.932698495493, 16137.24996375818, 2371.878706258034, 477.28860629734805, 19833.07253370488, 7770.3289959145495, 13881.132411414852], "phi": [1.5514287344668485, 6.114941267443845, 4.836495880586005, 0.9747634887845178, 1.589729465762029, 2.5254305500905554, 5.3506440701319455, 3.7256927916855704, 4.122240474471751, 1.1717215738799784, 2.868796334339747], "x": [2, 105, 13, 10, -2, -103, 29, -18, -78, 34, -113], "y": [107, -17, -107, 15, 135, 73, -39, -12, -117, 81, 31], "xy": [[2, 107], [105, -17], [13, -107], [10, 15], [-2, 135], [-103, 73], [29, -39], [-18, -12], [-78, -117], [34, 81], [-113, 31]], "city_start": [2, 107], "distance": [[0.0, 161.19863522995473, 214.28252378577213, 92.34717104492157, 28.284271247461902, 110.3675676999362, 148.47558721890948, 120.66896867049125, 237.8570999570961, 41.23105625617661, 137.84411485442533], [161.19863522995473, 0.0, 128.70120434556935, 100.24470060806208, 185.88437266214714, 226.6362724719942, 79.12016177940993, 123.10158406779338, 208.54016399725018, 121.01652779682617, 223.22186272854188], [214.28252378577213, 128.70120434556935, 0.0, 122.03687967167957, 242.46443038103547, 214.14014102918676, 69.85699678629192, 99.92997548283498, 91.54780172128658, 189.16923639957952, 186.86893802876924], [92.34717104492157, 100.24470060806208, 122.03687967167957, 0.0, 120.59850745345068, 127.01574705523721, 57.245087125446844, 38.897300677553446, 158.64425612041552, 70.22819946431775, 124.03628501370073], [28.284271247461902, 185.88437266214714, 242.46443038103547, 120.59850745345068, 0.0, 118.51160280748886, 176.7399219191861, 147.8681845428556, 263.21094202179364, 64.89992295835181, 152.10851389715174], [110.3675676999362, 226.6362724719942, 214.14014102918676, 127.01574705523721, 118.51160280748886, 0.0, 173.11268006705922, 120.20815280171308, 191.637678967368, 137.23337786413333, 43.174066289845804], [148.47558721890948, 79.12016177940993, 69.85699678629192, 57.245087125446844, 176.7399219191861, 173.11268006705922, 0.0, 54.20332093147061, 132.41223508422476, 120.10412149464314, 158.3161394173064], [120.66896867049125, 123.10158406779338, 99.92997548283498, 38.897300677553446, 147.8681845428556, 120.20815280171308, 54.20332093147061, 0.0, 120.93386622447825, 106.55045753069294, 104.27847332982968], [237.8570999570961, 208.54016399725018, 91.54780172128658, 158.64425612041552, 263.21094202179364, 191.637678967368, 132.41223508422476, 120.93386622447825, 0.0, 227.4818674092509, 152.08221460775746], [41.23105625617661, 121.01652779682617, 189.16923639957952, 70.22819946431775, 64.89992295835181, 137.23337786413333, 120.10412149464314, 106.55045753069294, 227.4818674092509, 0.0, 155.2707313050338], [137.84411485442533, 223.22186272854188, 186.86893802876924, 124.03628501370073, 152.10851389715174, 43.174066289845804, 158.3161394173064, 104.27847332982968, 152.08221460775746, 155.2707313050338, 0.0]]}, {"N": 11, "radius": 5, "total": 500, "budget_remain": 500, "R": 22500, "r": [4102.3741760982475, 3322.134149940167, 20460.447255533618, 13643.948369611071, 22336.680187559647, 11322.52574040774, 9262.527687263277, 16306.223160606227, 17105.03262417256, 9944.053792297495, 21769.62697789216], "phi": [4.839668274411164, 1.3293390436880974, 3.0523392470800013, 2.6564720043937267, 5.842056687594412, 4.047632214946663, 4.764471815392971, 1.04405469659991, 3.7706919611356358, 1.295899799312846, 0.27694658781789694], "x": [8, 13, -142, -103, 135, -65, 5, 64, -105, 27, 141], "y": [-63, 55, 12, 54, -63, -83, -96, 110, -76, 95, 40], "xy": [[8, -63], [13, 55], [-142, 12], [-103, 54], [135, -63], [-65, -83], [5, -96], [64, 110], [-105, -76], [27, 95], [141, 40]], "city_start": [8, -63], "distance": [[0.0, 118.10588469674151, 167.70509831248424, 161.27616066858735, 127.0, 75.69015788066504, 33.13608305156178, 181.8378398463862, 113.7453295744489, 159.13830462839547, 168.22009392459628], [118.10588469674151, 0.0, 160.85397104206038, 116.00431026474836, 169.72919607421701, 158.51813776347487, 151.21177202850313, 75.0066663703967, 176.30938715791623, 42.37924020083418, 128.87590930814028], [167.70509831248424, 160.85397104206038, 0.0, 57.3149195236284, 286.9738664059848, 122.28654872879518, 182.40888136272312, 228.12277396174193, 95.46203433826454, 188.2817038376273, 284.3817856333278], [161.27616066858735, 116.00431026474836, 57.3149195236284, 0.0, 265.2036952985384, 142.1724305201258, 184.83506160899236, 176.13914953808538, 130.01538370516005, 136.31214179228496, 244.40130932546168], [127.0, 169.72919607421701, 286.9738664059848, 265.2036952985384, 0.0, 200.9975124224178, 134.12307780542466, 187.00267377767625, 240.3518254559345, 191.38442987871298, 103.1746092796091], [75.69015788066504, 158.51813776347487, 122.28654872879518, 142.1724305201258, 200.9975124224178, 0.0, 71.19691004531025, 232.14219780126146, 40.607881008493905, 200.3696583817021, 239.92707225321615], [33.13608305156178, 151.21177202850313, 182.40888136272312, 184.83506160899236, 134.12307780542466, 71.19691004531025, 0.0, 214.28252378577213, 111.80339887498948, 192.26284092356485, 192.33304448274092], [181.8378398463862, 75.0066663703967, 228.12277396174193, 176.13914953808538, 187.00267377767625, 232.14219780126146, 214.28252378577213, 0.0, 251.3105648396024, 39.92492955535426, 104.06248123122954], [113.7453295744489, 176.30938715791623, 95.46203433826454, 130.01538370516005, 240.3518254559345, 40.607881008493905, 111.80339887498948, 251.3105648396024, 0.0, 216.0208323287363, 271.977940281928], [159.13830462839547, 42.37924020083418, 188.2817038376273, 136.31214179228496, 191.38442987871298, 200.3696583817021, 192.26284092356485, 39.92492955535426, 216.0208323287363, 0.0, 126.57408897558773], [168.22009392459628, 128.87590930814028, 284.3817856333278, 244.40130932546168, 103.1746092796091, 239.92707225321615, 192.33304448274092, 104.06248123122954, 271.977940281928, 126.57408897558773, 0.0]]}, {"N": 11, "radius": 5, "total": 350, "budget_remain": 350, "R": 22500, "r": [13881.907560400165, 15312.421929307824, 20567.186590546124, 9466.081884627347, 15704.7908007141, 16808.0541262363, 4611.5336968652455, 21009.88125861363, 7731.012229061476, 9286.297385524938, 12289.673567961958], "phi": [3.8617497041792133, 0.11967027823772888, 0.005537192107912106, 1.1178768722517134, 4.486152680314639, 2.0932780624205263, 6.244880807223247, 6.150933133982639, 3.7500430299321046, 4.2935445299038735, 0.2119113850686295], "x": [-88, 122, 143, 42, -28, -64, 67, 143, -72, -39, 108], "y": [-77, 14, 0, 87, -122, 112, -2, -19, -50, -88, 23], "xy": [[-88, -77], [122, 14], [143, 0], [42, 87], [-28, -122], [-64, 112], [67, -2], [143, -19], [-72, -50], [-39, -88], [108, 23]], "city_start": [-88, -77], "distance": [[0.0, 228.86895813980541, 243.4953798329652, 209.27493877672023, 75.0, 190.51771571168914, 172.19175357722565, 238.17010727629108, 31.38470965295043, 50.21951811795888, 220.03636063160107], [228.86895813980541, 0.0, 25.238858928247925, 108.30050784737807, 202.47468977627796, 210.23796041628637, 57.28001396647874, 39.11521443121589, 204.2841158778626, 190.59118552545917, 16.64331697709324], [243.4953798329652, 25.238858928247925, 0.0, 133.30416347586447, 210.05951537600004, 235.35717537394095, 76.02631123499285, 19.0, 220.73740054644117, 202.15835377248203, 41.88078318274385], [209.27493877672023, 108.30050784737807, 133.30416347586447, 0.0, 220.41097976280582, 108.90821823902914, 92.44457799135652, 146.4137971640651, 178.22738285684386, 192.83671849520775, 91.93475947648963], [75.0, 202.47468977627796, 210.05951537600004, 220.41097976280582, 0.0, 236.7530358833863, 153.05227865013967, 199.6246477767713, 84.38009243891595, 35.73513677041127, 198.79889335708083], [190.51771571168914, 210.23796041628637, 235.35717537394095, 108.90821823902914, 236.7530358833863, 0.0, 173.65770930194836, 244.9693858423946, 162.19741058352318, 201.55644370746373, 193.6620768245554], [172.19175357722565, 57.28001396647874, 76.02631123499285, 92.44457799135652, 153.05227865013967, 173.65770930194836, 0.0, 77.87810988975015, 147.05441169852742, 136.49908424601244, 48.02082881417188], [238.17010727629108, 39.11521443121589, 19.0, 146.4137971640651, 199.6246477767713, 244.9693858423946, 77.87810988975015, 0.0, 217.2233873228203, 194.64069461446135, 54.67174773134658], [31.38470965295043, 204.2841158778626, 220.73740054644117, 178.22738285684386, 84.38009243891595, 162.19741058352318, 147.05441169852742, 217.2233873228203, 0.0, 50.32891812864648, 194.23954283306992], [50.21951811795888, 190.59118552545917, 202.15835377248203, 192.83671849520775, 35.73513677041127, 201.55644370746373, 136.49908424601244, 194.64069461446135, 50.32891812864648, 0.0, 184.20097719610501], [220.03636063160107, 16.64331697709324, 41.88078318274385, 91.93475947648963, 198.79889335708083, 193.6620768245554, 48.02082881417188, 54.67174773134658, 194.23954283306992, 184.20097719610501, 0.0]]}, {"N": 11, "radius": 5, "total": 350, "budget_remain": 350, "R": 22500, "r": [21412.672363516558, 7466.8314363553645, 20876.931589136606, 21892.80855454611, 5307.45352286597, 17047.902958776132, 1162.7692857039224, 6776.992655519052, 20092.303781493625, 17588.612908645315, 8604.813194623282], "phi": [6.158041412460687, 1.3464964213932904, 1.2335236793428126, 0.7012632333057924, 3.4377226809467505, 1.665263948091999, 5.340716958295837, 5.345171623188476, 2.6229036841714244, 2.4407839812541656, 0.31927335092437537], "x": [145, 19, 47, 113, -69, -12, 20, 48, -123, -101, 88], "y": [-18, 84, 136, 95, -21, 129, -27, -66, 70, 85, 29], "xy": [[145, -18], [19, 84], [47, 136], [113, 95], [-69, -21], [-12, 129], [20, -27], [48, -66], [-123, 70], [-101, 85], [88, 29]], "city_start": [145, -18], "distance": [[0.0, 162.11107303327555, 182.53766734567415, 117.44360348695028, 214.02102700435768, 215.07673049402624, 125.32358118087753, 108.2266141020775, 282.0780033962237, 266.6927070618917, 73.87827826905551], [162.11107303327555, 0.0, 59.0592922409336, 94.64142856064674, 137.0, 54.644304369257, 111.00450441310929, 152.7776161615307, 142.68847185389575, 120.00416659433121, 88.23831367382311], [182.53766734567415, 59.0592922409336, 0.0, 77.69813382572325, 195.2050204272421, 59.413803110051795, 165.22106403240477, 202.00247523235947, 182.36227680087788, 156.54072952429985, 114.58621208504974], [117.44360348695028, 94.64142856064674, 77.69813382572325, 0.0, 215.82400237230334, 129.5414991421668, 153.40469353966978, 173.62603491412224, 237.32045845227924, 214.23351745233518, 70.57619995437555], [214.02102700435768, 137.0, 195.2050204272421, 215.82400237230334, 0.0, 160.46494944379597, 89.20201791439474, 125.35549449465708, 105.8158778255891, 110.72488428533127, 164.76953601925328], [215.07673049402624, 54.644304369257, 59.413803110051795, 129.5414991421668, 160.46494944379597, 0.0, 159.24823389915505, 204.02205763103166, 125.70600622086441, 99.28242543370907, 141.4213562373095], [125.32358118087753, 111.00450441310929, 165.22106403240477, 153.40469353966978, 89.20201791439474, 159.24823389915505, 0.0, 48.010415536631214, 172.7946758439044, 164.87874332369228, 88.09086218218096], [108.2266141020775, 152.7776161615307, 202.00247523235947, 173.62603491412224, 125.35549449465708, 204.02205763103166, 48.010415536631214, 0.0, 218.4879859397308, 212.13674834879504, 103.07764064044152], [282.0780033962237, 142.68847185389575, 182.36227680087788, 237.32045845227924, 105.8158778255891, 125.70600622086441, 172.7946758439044, 218.4879859397308, 0.0, 26.627053911388696, 214.94650497274898], [266.6927070618917, 120.00416659433121, 156.54072952429985, 214.23351745233518, 110.72488428533127, 99.28242543370907, 164.87874332369228, 212.13674834879504, 26.627053911388696, 0.0, 197.12178976460214], [73.87827826905551, 88.23831367382311, 114.58621208504974, 70.57619995437555, 164.76953601925328, 141.4213562373095, 88.09086218218096, 103.07764064044152, 214.94650497274898, 197.12178976460214, 0.0]]}, {"N": 11, "radius": 5, "total": 350, "budget_remain": 350, "R": 22500, "r": [2692.4077473434695, 15990.196387464242, 16458.868517560488, 2383.3888083143534, 8712.626404963517, 17743.01894375338, 3129.824832382798, 19556.03097532023, 18036.03873168518, 19967.58046411097, 16085.389010737683], "phi": [2.437343502077135, 0.16691144523538295, 3.558525115793135, 0.3196143306052228, 3.1591283667412196, 4.43673899413767, 2.995873619600153, 3.5332259127936685, 3.279356031687873, 5.787126060937978, 0.06734353494769366], "x": [-39, 124, -117, 46, -93, -36, -55, -129, -133, 124, 126], "y": [33, 21, -51, 15, -1, -128, 8, -53, -18, -67, 8], "xy": [[-39, 33], [124, 21], [-117, -51], [46, 15], [-93, -1], [-36, -128], [-55, 8], [-129, -53], [-133, -18], [124, -67], [126, 8]], "city_start": [-39, 33], "distance": [[0.0, 163.44112089679268, 114.6298390472568, 86.88498144098322, 63.812224534175265, 161.02794788483146, 29.68164415931166, 124.48293055676348, 106.94391053257777, 191.23022773609824, 166.88319268278636], [163.44112089679268, 0.0, 251.52534663528445, 78.23042886243178, 218.11235636707977, 218.6343980255623, 179.47144619688115, 263.60007587252323, 259.9423012901132, 88.0, 13.152946437965905], [114.6298390472568, 251.52534663528445, 0.0, 175.85505395068975, 55.46169849544819, 111.75866856758807, 85.58621384311844, 12.165525060596439, 36.6742416417845, 241.53053637169774, 250.05999280172747], [86.88498144098322, 78.23042886243178, 175.85505395068975, 0.0, 139.91783303067555, 164.84234892769516, 101.24228365658294, 187.7471704180918, 182.0164827701052, 113.17243480636087, 80.30566605165541], [63.812224534175265, 218.11235636707977, 55.46169849544819, 139.91783303067555, 0.0, 139.20488497175666, 39.05124837953327, 63.245553203367585, 43.46262762420146, 226.81490250863146, 219.18485349129398], [161.02794788483146, 218.6343980255623, 111.75866856758807, 164.84234892769516, 139.20488497175666, 0.0, 137.32079230764728, 119.47384651043926, 146.6594695203825, 171.2337583538947, 211.51832071950648], [29.68164415931166, 179.47144619688115, 85.58621384311844, 101.24228365658294, 39.05124837953327, 137.32079230764728, 0.0, 95.90099061010788, 82.21921916437786, 194.07730418572905, 181.0], [124.48293055676348, 263.60007587252323, 12.165525060596439, 187.7471704180918, 63.245553203367585, 119.47384651043926, 95.90099061010788, 0.0, 35.22782990761707, 253.38705570727168, 262.1945842308723], [106.94391053257777, 259.9423012901132, 36.6742416417845, 182.0164827701052, 43.46262762420146, 146.6594695203825, 82.21921916437786, 35.22782990761707, 0.0, 261.6295090390226, 260.30174797722736], [191.23022773609824, 88.0, 241.53053637169774, 113.17243480636087, 226.81490250863146, 171.2337583538947, 194.07730418572905, 253.38705570727168, 261.6295090390226, 0.0, 75.02666192761077], [166.88319268278636, 13.152946437965905, 250.05999280172747, 80.30566605165541, 219.18485349129398, 211.51832071950648, 181.0, 262.1945842308723, 260.30174797722736, 75.02666192761077, 0.0]]}, {"N": 11, "radius": 5, "total": 500, "budget_remain": 500, "R": 22500, "r": [21276.12429715117, 3025.945972694088, 244.49657421488496, 16073.27270694447, 19908.89966014566, 1206.4797613094943, 11550.282874229943, 4535.255773087081, 6414.653083930941, 3509.172901677784, 8296.244688777564], "phi": [1.2248459571130126, 3.043861334082125, 2.2486427782130125, 5.543325275369936, 0.3921458373946169, 0.6352215579828362, 5.574816392324297, 3.0050051950805585, 0.5975188189161806, 1.9315872218283858, 1.8787713774967996], "x": [49, -54, -9, 93, 130, 27, 81, -66, 66, -20, -27], "y": [137, 5, 12, -85, 53, 20, -69, 9, 45, 55, 86], "xy": [[49, 137], [-54, 5], [-9, 12], [93, -85], [130, 53], [27, 20], [81, -69], [-66, 9], [66, 45], [-20, 55], [-27, 86]], "city_start": [49, 137], "distance": [[0.0, 167.4305826305338, 137.80058055030102, 226.3183598385248, 116.69190203266035, 119.05040949110591, 208.47062143141417, 172.07265907168403, 93.55746896961247, 107.16809226630845, 91.52595260361949], [167.4305826305338, 0.0, 45.5411901469428, 172.3629890666787, 190.1578291840754, 82.37718130647589, 153.95129099815955, 12.649110640673518, 126.49110640673517, 60.4648658313239, 85.38149682454625], [137.80058055030102, 45.5411901469428, 0.0, 140.75865870347016, 144.9206679531943, 36.87817782917155, 121.0826164236634, 57.07889277132134, 81.93900170248598, 44.384682042344295, 76.15773105863909], [226.3183598385248, 172.3629890666787, 140.75865870347016, 0.0, 142.87407042567241, 124.02015965156633, 20.0, 184.70787747142785, 132.77424449041314, 179.91386828146406, 208.90428430264421], [116.69190203266035, 190.1578291840754, 144.9206679531943, 142.87407042567241, 0.0, 108.15729286552988, 131.47243057006287, 200.8780724718355, 64.4980619863884, 150.0133327407934, 160.4306703844374], [119.05040949110591, 82.37718130647589, 36.87817782917155, 124.02015965156633, 108.15729286552988, 0.0, 104.10091258005379, 93.64827814754524, 46.32493928760188, 58.60034129593445, 85.27602242131137], [208.47062143141417, 153.95129099815955, 121.0826164236634, 20.0, 131.47243057006287, 104.10091258005379, 0.0, 166.41213898030395, 114.9826073804208, 159.928108848945, 188.91532494744834], [172.07265907168403, 12.649110640673518, 57.07889277132134, 184.70787747142785, 200.8780724718355, 93.64827814754524, 166.41213898030395, 0.0, 136.82105101189657, 65.05382386916237, 86.31338250816034], [93.55746896961247, 126.49110640673517, 81.93900170248598, 132.77424449041314, 64.4980619863884, 46.32493928760188, 114.9826073804208, 136.82105101189657, 0.0, 86.57944328765345, 101.6366075781753], [107.16809226630845, 60.4648658313239, 44.384682042344295, 179.91386828146406, 150.0133327407934, 58.60034129593445, 159.928108848945, 65.05382386916237, 86.57944328765345, 0.0, 31.78049716414141], [91.52595260361949, 85.38149682454625, 76.15773105863909, 208.90428430264421, 160.4306703844374, 85.27602242131137, 188.91532494744834, 86.31338250816034, 101.6366075781753, 31.78049716414141, 0.0]]}, {"N": 11, "radius": 5, "total": 200, "budget_remain": 200, "R": 22500, "r": [11102.041257444233, 3823.758818052366, 17304.360558829398, 6075.0883017287315, 9890.591840906884, 2769.027177124533, 871.2791354098421, 16156.157155848776, 9461.74567272523, 16150.275228624698, 15888.117109831473], "phi": [6.282449005616583, 3.2756866153882953, 2.2417103644875613, 0.6334971906482578, 5.047613731718874, 6.120695876703429, 4.277982319407888, 1.2478260721537984, 3.5923507709311115, 4.949232123102745, 3.0140361166022975], "x": [105, -61, -81, 62, 32, 51, -12, 40, -87, 29, -125], "y": [0, -8, 103, 46, -93, -8, -26, 120, -42, -123, 16], "xy": [[105, 0], [-61, -8], [-81, 103], [62, 46], [32, -93], [51, -8], [-12, -26], [40, 120], [-87, -42], [29, -123], [-125, 16]], "city_start": [105, 0], "distance": [[0.0, 166.19265928433782, 212.61467494037188, 62.96824596572466, 118.2285921425101, 54.589376255824725, 119.85407794480753, 136.4734406395618, 196.5400722499104, 144.5856147754679, 230.5558500667463], [166.19265928433782, 0.0, 112.78741064498288, 134.33167906342868, 125.99206324209474, 112.0, 52.20153254455275, 163.04907236779974, 42.80186911806539, 146.03081866510234, 68.35202996254024], [212.61467494037188, 112.78741064498288, 0.0, 153.9415473483361, 226.24102192131292, 172.46738822165773, 146.2942240828393, 122.18837915284743, 145.1240848377691, 251.3483638299641, 97.49358953285082], [62.96824596572466, 134.33167906342868, 153.9415473483361, 0.0, 142.20056258679148, 55.10898293381942, 103.24727599312246, 77.20103626247513, 173.04623659588788, 172.19175357722565, 189.39112967612817], [118.2285921425101, 125.99206324209474, 226.24102192131292, 142.20056258679148, 0.0, 87.0976463516667, 80.15609770940699, 213.15018179677915, 129.46814279968643, 30.14962686336267, 191.12822920751398], [54.589376255824725, 112.0, 172.46738822165773, 55.10898293381942, 87.0976463516667, 0.0, 65.52098900352466, 128.47178678604885, 142.12670403551894, 117.08543888972702, 177.62882648939615], [119.85407794480753, 52.20153254455275, 146.2942240828393, 103.24727599312246, 80.15609770940699, 65.52098900352466, 0.0, 154.983870128475, 76.68767828015137, 105.30906893520614, 120.55289295574785], [136.4734406395618, 163.04907236779974, 122.18837915284743, 77.20103626247513, 213.15018179677915, 128.47178678604885, 154.983870128475, 0.0, 205.84703058339218, 243.24884377936928, 195.04102132628407], [196.5400722499104, 42.80186911806539, 145.1240848377691, 173.04623659588788, 129.46814279968643, 142.12670403551894, 76.68767828015137, 205.84703058339218, 0.0, 141.4814475470194, 69.33974329343886], [144.5856147754679, 146.03081866510234, 251.3483638299641, 172.19175357722565, 30.14962686336267, 117.08543888972702, 105.30906893520614, 243.24884377936928, 141.4814475470194, 0.0, 207.45360927204905], [230.5558500667463, 68.35202996254024, 97.49358953285082, 189.39112967612817, 191.12822920751398, 177.62882648939615, 120.55289295574785, 195.04102132628407, 69.33974329343886, 207.45360927204905, 0.0]]}, {"N": 11, "radius": 5, "total": 500, "budget_remain": 500, "R": 22500, "r": [13394.803612681302, 4782.83757384978, 5117.799360701116, 11306.723617604901, 19957.40251701468, 3028.9833051511487, 11532.08075408453, 6418.095731911677, 139.82702576816249, 16946.786325218338, 21902.46114784325], "phi": [1.8235548944624964, 0.9796464248287016, 4.084085567762714, 3.6107329821305636, 5.209833997035453, 2.8898426676677422, 5.223221660949443, 1.9979039452027678, 1.2424339921225687, 4.442791285882715, 1.8081792588146806], "x": [-28, 38, -42, -94, 67, -53, 52, -33, 3, -34, -34], "y": [112, 57, -57, -48, -124, 13, -93, 72, 11, -125, 143], "xy": [[-28, 112], [38, 57], [-42, -57], [-94, -48], [67, -124], [-53, 13], [52, -93], [-33, 72], [3, 11], [-34, -125], [-34, 143]], "city_start": [-28, 112], "distance": [[0.0, 85.9127464349732, 169.57889019568444, 173.07801709055948, 254.40322325002094, 102.1077861869505, 220.05681084665386, 40.311288741492746, 105.65036677645753, 237.0759372015642, 31.575306807693